family	SRR5930493	SRR5930494	SRR5930495	SRR5930496	SRR5930497	SRR5930498	SRR5930499	SRR5930500	SRR5930501	SRR5930502	SRR5930503	SRR5930504	SRR5930505	SRR5930506	SRR5930507	SRR5930508	SRR5930509	SRR5930510	SRR5930511	SRR5930512	SRR5930513	SRR5930514	SRR5930515	SRR5930516	SRR5930517	SRR5930518	SRR5930519	SRR5930520	SRR5930521	SRR5930522	SRR5930523	SRR5930524	SRR5930525	SRR5930526	SRR5930527	SRR5930528	SRR5930529	SRR5930530	SRR5930531	SRR5930532	SRR5930533	SRR5930534	SRR5930535	SRR5930536
k__Archaea|p__Euryarchaeota|c__Methanobacteria|o__Methanobacteriales|f__Methanobacteriaceae	0.85164	1.78282	4.73253	0.56866	0.00274	4.30491	1.38953	1.4687	1.35454	0	1.93842	0	0	0.00033	3.21289	0.00452	0.17539	0.0147	0.02015	0.0073	0.02177	9.13859	0.01155	1.99276	2.51528	0	0	1.0109	0	0.00334	0.01005	0.01413	2.49032	0.00217	0.22003	0.00126	0.0031	0.00408	0.00195	0.00372	0.00396	0.00422	0.002	0
k__Archaea|p__Euryarchaeota|c__Methanococci|o__Methanococcales|f__Methanocaldococcaceae	0	0	0	0	0	0	0	0	0	0	0.00208	0	0	0	0	0	0	0	0	0	0	0	0	0	0	0	0	0	0	0	0	0	0	0	0	0	0	0	0	0	0	0	0	0
k__Bacteria|p__Actinobacteria|c__Actinobacteria|o__Actinomycetales|f__Actinomycetaceae	0.0024	0.00421	0.00975	0.00362	0.102	0.00266	0.15492	0.31345	0.02363	0.00509	0	0.01228	0.0033	0.00501	0.00165	0.03843	0.05359	0	0.00692	0.00433	0.00885	0.02913	0.04228	0.00044	0	0.12349	0.00161	0.01964	0.0375	0.11608	0.00439	0.01159	0.0009	0.01336	0	0.01416	0.00364	0.00045	0.00078	0.11447	0.00509	0.0068	0.13365	0.00126
k__Bacteria|p__Actinobacteria|c__Actinobacteria|o__Actinomycetales|f__Corynebacteriaceae	0	0	0.00299	0	0.00045	0.00713	0.01053	0.00583	0	0	0	0	0	0.00262	0	0	0.05158	0	0.00169	0	0	0.0305	0	0	0	0.02007	0	0	0	0.00027	0	0.00449	0	0.00287	0	0	0	0	0	0.01541	0	0.0042	0	0
k__Bacteria|p__Actinobacteria|c__Actinobacteria|o__Actinomycetales|f__Dermatophilaceae	0	0	0	0	0	0	0	0	0	0	0	0	0	0	0	0.01337	0.00763	0	0	0	0	0	0	0	0	0	0	0	0	0	0	0	0	0	0	0	0	0	0	0	0	0	0.00507	0
k__Bacteria|p__Actinobacteria|c__Actinobacteria|o__Actinomycetales|f__Microbacteriaceae	0	0	0	0	0	0	0	0	0	0	0	0	0	0	0	0	0	0	0	0	0	0	0	0	0	0	0	0	0	0	0	0	0	0	0	0.07662	0	0	0	0	0	0	0	0
k__Bacteria|p__Actinobacteria|c__Actinobacteria|o__Actinomycetales|f__Micrococcaceae	0	0	0	0	0.0115	0.04333	0.01257	0.00993	0.07948	0.00062	0.0082	0	0.0201	0.00954	0	0.00311	0	0.00314	0	0.05131	0	0	0	0	0.01612	0.02777	0.01151	0.00983	0.00647	0.03256	0	0.00155	0	0.01025	0	0.0042	0	0	0.00348	0.00646	0	0.00187	0.00791	0.00352
k__Bacteria|p__Actinobacteria|c__Actinobacteria|o__Actinomycetales|f__Propionibacteriaceae	0	0	0	0	0	0	0.01189	0.00709	0	0	0	0	0	0	0	0.06244	0.08823	0.00143	0	0	0	0	0	0	0	0	0	0	0	0.01352	0	0	0	0	0	0	0	0	0	0	0	0.00044	0.05325	0
k__Bacteria|p__Actinobacteria|c__Actinobacteria|o__Bifidobacteriales|f__Bifidobacteriaceae	1.34833	0.9793	8.08938	0.43085	1.70688	0.341	0.02568	0.01859	0.08459	0.01497	0.12897	0.0927	0.00108	0.0014	0.81165	1.6415	0.08314	1.89742	0.5062	0.01118	0.0148	7.45276	0.00835	24.07954	0.02425	1.19901	0.12607	2.437	8.85539	0.21604	0.013	0.01056	1.09294	0.09439	0.01099	0.01151	0.04058	0.23987	5.51884	0.1185	8.49244	0.15209	1.93929	0.23459
k__Bacteria|p__Actinobacteria|c__Actinobacteria|o__Coriobacteriales|f__Coriobacteriaceae	1.59605	3.20793	3.34105	2.06733	1.2402	1.82763	2.9481	3.25763	0.85176	0.56188	1.00236	2.88548	1.58547	1.28432	3.8657	2.97358	1.68814	1.26068	11.24026	1.21052	1.38115	3.2953	2.18375	5.65445	3.7428	4.96122	5.68427	3.54535	3.67517	10.10686	0.27588	0.43064	3.35301	1.74626	0.5658	3.45965	1.14231	1.33086	2.54476	3.33877	2.87796	1.55854	2.57928	3.11047
k__Bacteria|p__Bacteroidetes|c__Bacteroidia|o__Bacteroidales|f__Bacteroidaceae	3.24957	5.24535	9.68376	16.66845	16.65144	6.99249	14.99989	14.08202	13.69442	20.32772	9.88283	16.91608	17.74578	24.8085	15.75155	13.57943	13.5475	28.38134	10.74127	0.68607	56.81136	6.75541	32.43545	4.39204	5.05893	36.16832	34.66063	13.3231	37.46059	3.7786	21.75215	20.24681	4.04599	12.91109	13.67459	19.73014	18.63486	15.82872	7.6672	5.02292	11.83646	14.5982	19.06475	40.72239
k__Bacteria|p__Bacteroidetes|c__Bacteroidia|o__Bacteroidales|f__Bacteroidales_noname	0.32573	0	0.52603	1.2533	0.1047	0.94024	0.195	0.21738	0.18953	0	1.87155	0	0.18681	0	0	0.18282	0.15053	0	0	0	0	2.27246	0	0.08849	0.02111	0	0	0	0.00096	0.03573	0	0	0.00025	0	0.00035	0	0.00049	0.06711	0.05507	0.00047	0	0	0.21054	0
k__Bacteria|p__Bacteroidetes|c__Bacteroidia|o__Bacteroidales|f__Porphyromonadaceae	1.43738	0.44166	4.24351	5.57418	5.28661	5.40536	3.69515	4.32407	8.14546	7.96071	1.48636	0.97583	2.53701	8.39318	3.9818	4.26884	7.16775	8.07212	1.37146	0.13783	2.25399	5.02379	0.02442	2.96961	2.01942	4.11645	9.58999	2.66262	4.0569	1.37558	9.17617	5.99924	0.383	0.73385	11.63986	6.7646	3.72272	3.36135	1.06155	2.74593	4.09863	5.44885	5.23006	1.50052
k__Bacteria|p__Bacteroidetes|c__Bacteroidia|o__Bacteroidales|f__Prevotellaceae	0.03039	0.01721	0.00316	0.0186	0.00448	0.02602	0.19311	0.17811	0.20756	0.01314	0.04285	0	0.01461	1.23012	0	0.5547	0.05391	0.03578	0.00112	0.18697	0	0.01749	0	17.46801	0.36822	0	0.0268	2.38263	0.00616	0.00796	0.001	0	0	8.44696	0.0063	2.93516	0.03915	4.89685	26.88989	0.03571	1.0319	0.39516	0.66064	0.03383
k__Bacteria|p__Bacteroidetes|c__Bacteroidia|o__Bacteroidales|f__Rikenellaceae	1.26009	10.27522	5.67091	12.04444	3.93884	13.30926	3.59875	3.92604	6.5744	1.97087	7.35125	4.91711	8.18694	8.17299	0.08346	5.60926	21.89049	3.38443	0.43538	0.17867	0.01467	3.26146	0.00757	1.59753	0.70553	5.41529	4.82079	1.73829	1.2648	5.42071	7.42885	3.21779	6.91308	0.24718	14.35976	7.49294	9.32139	5.72496	0.60578	4.9625	2.73906	6.14542	5.08482	3.54963
k__Bacteria|p__Candidatus_Saccharibacteria|c__Candidatus_Saccharibacteria_noname|o__Candidatus_Saccharibacteria_noname|f__Candidatus_Saccharibacteria_noname	0	0	0	0	0.00058	0	0	0	0	0	0	0	0	0.00041	0	0	0	0	0	0	0	0	0	0	0	0	0	0	0	0.00567	0.00187	0	0	0	0	0	0	0	0	0	0	0	0	0
k__Bacteria|p__Firmicutes|c__Bacilli|o__Bacillales|f__Bacillales_noname	0	0	0	0	0.02571	0	0.00034	0	0.00023	0	0	0	0.01105	0.00591	0	0	0	0.02835	0.0002	0.00277	0	0	0	0	0	0.02298	0	0.00308	0.00608	0.05685	0.00357	0	0	0.00284	0	0.005	0	0	0.006	0.00335	0	0.00256	0	0.00258
k__Bacteria|p__Firmicutes|c__Bacilli|o__Bacillales|f__Staphylococcaceae	0	0	0	0	0	0	0	0	0	0	0	0	0	0	0	0	0	0	0	0	0	0	0	0	0	0	0	0.07377	0	0.10183	0	0	0	0	0.0008	0	0	0	0	0.00293	0	0	0	0
k__Bacteria|p__Firmicutes|c__Bacilli|o__Lactobacillales|f__Aerococcaceae	0	0	0	0	0	0	0	0.00863	0	0	0	0	0	0	0	0	0	0	0	0	0	0	0	0	0	0	0	0	0	0.03296	0	0	0	0	0	0	0	0	0.00096	0	0	0	0	0
k__Bacteria|p__Firmicutes|c__Bacilli|o__Lactobacillales|f__Carnobacteriaceae	0	0	0	0.00064	0.00896	0	0	0	0.00239	0	0	0	0.00265	0	0	0.00255	0	0.00216	0.00238	0.00906	0.00207	0	0	0	0	0.01787	0	0.00546	0.00347	0.02617	0	0	0	0.00684	0	0	0	0	0.00284	0.00431	0	0.00495	0.00166	0.00363
k__Bacteria|p__Firmicutes|c__Bacilli|o__Lactobacillales|f__Enterococcaceae	0	0.00279	0.00535	0	0	0.03199	0.00234	0.00228	0.01494	0	0	0	0	0	0	0.00253	0	0.00202	0.01725	6.90972	0.00559	0.00348	1.29318	0	0.11481	0	0	0	0	0.00106	0	0.15147	0.00968	0	0	0.00326	0	0	0	0.80522	0.00108	0.32995	0.00066	0
k__Bacteria|p__Firmicutes|c__Bacilli|o__Lactobacillales|f__Lactobacillaceae	0.01524	0.01168	0.00262	0.0006	0	0.35056	0.14546	0.07064	0.4022	0.01982	0.08162	0.02177	0.01235	0.17031	0.06264	1.09504	0.04721	0.00299	0.00639	0.19556	0.00432	0.0172	0.00729	11.58487	9.46383	0.0953	0.52515	3.24135	0.00045	0.65596	2.91565	0.00846	0.0067	0.01381	0.12761	0.0057	0.022	0.04694	0.01822	7.32498	0	0.18447	0.98639	0.01349
k__Bacteria|p__Firmicutes|c__Bacilli|o__Lactobacillales|f__Leuconostocaceae	0	0	0.00491	0.01387	0	0.04577	0	0	0	0.00205	0	0	0	0	0.02881	0	0.01694	0	0.00765	0	0	0	0	0	0	0.00653	0	0.16778	0.00487	0	0.0036	0	0	0	0	0	0	0	0	0	0	0.30611	0	0
k__Bacteria|p__Firmicutes|c__Bacilli|o__Lactobacillales|f__Streptococcaceae	0.03753	0.46823	1.03417	0.09512	0.30631	1.12177	0.43767	0.43362	0.20964	0.6823	0.03858	0.21705	2.41075	2.22271	0.45847	0.53292	1.19976	0.10393	0.81077	3.27803	0.39248	0.04092	0.02263	0.04806	0.74898	2.23284	1.54371	1.83278	0.76491	10.79144	0.08316	0.37075	0.32859	0.37353	0.15531	0.55304	0.095	0.11651	0.36173	14.98776	0.10437	0.80778	0.80854	0.16115
k__Bacteria|p__Firmicutes|c__Clostridia|o__Clostridiales|f__Clostridiaceae	1.56982	1.13739	9.71178	1.98641	1.14039	3.41435	9.97764	9.33307	0.45409	5.8811	0.05862	4.56368	0.25913	1.84728	1.05543	3.63623	0.52167	1.54846	1.24538	1.93011	2.03556	3.68098	2.88145	0.3693	3.96114	1.15763	5.51258	0.2208	0.29561	5.82734	0.28843	0.54221	1.13592	0.82411	0.73525	6.49409	1.90477	0.3627	0.06117	6.28429	0.83576	0.7308	1.73276	1.49388
k__Bacteria|p__Firmicutes|c__Clostridia|o__Clostridiales|f__Clostridiales_Family_XIII_Incertae_Sedis	0	0	0	0	0.00667	0.00092	0	0.00256	0.00659	0	0	0	0	0	0	0.00088	0.00147	0.13051	0.00281	0	0.00268	0.01063	0	0	0	0.01103	0.0014	0.00119	0.00145	0.01962	0.00488	0.0045	0	0	0	0	0	0	0.00214	0	0	0.00266	0.0054	0.00083
k__Bacteria|p__Firmicutes|c__Clostridia|o__Clostridiales|f__Clostridiales_Family_XI_Incertae_Sedis	0.00062	0	0	0.00642	0	0	0.23329	0.8669	0.00159	0.02108	0	0	0.01541	0.00657	0	0	0	0.79331	0.00218	0.00655	0	0	0.36398	0.00089	0	0.00354	0.01581	0.00121	0	0.28272	0	0.00214	0	0.00804	0	0	0	0	0	0.00605	0	0	0	0.00487
k__Bacteria|p__Firmicutes|c__Clostridia|o__Clostridiales|f__Clostridiales_noname	0.01153	0.15679	0.21514	0.07682	0.07897	0.05032	0.42236	0.38151	0.01081	0.82235	2.06112	0.525	0.06299	0.20767	0.10276	0.09242	0.05659	0.09731	0.02051	0.00752	0.175	0.00805	0.23955	0.03519	0.2058	0.5207	0.52721	0.00701	0.19718	0.02992	0.0936	0.09821	0.13184	0.18221	0.09248	0.37223	0.3674	0.0423	0.01134	0.22207	0.14126	0.02488	0.08557	0.04608
k__Bacteria|p__Firmicutes|c__Clostridia|o__Clostridiales|f__Eubacteriaceae	4.01921	12.51565	0.06191	1.26724	5.57922	10.09055	4.94393	4.94547	7.71463	0.03383	24.51339	10.34257	12.96016	8.07637	26.2345	7.27656	2.9674	13.97551	7.95706	19.8356	19.28841	2.72066	0.6642	2.21244	1.68472	7.05329	1.71915	17.65125	11.98754	1.7511	7.75318	17.58948	10.17991	4.43885	10.17012	4.51042	2.33182	15.4811	23.18238	2.49788	8.39709	13.12171	9.01777	0.68354
k__Bacteria|p__Firmicutes|c__Clostridia|o__Clostridiales|f__Lachnospiraceae	6.27733	19.7255	22.55217	10.11632	25.82589	14.6085	4.14248	4.10056	16.56481	13.24106	23.4636	25.7967	14.75348	24.82044	20.16464	25.0008	16.23109	17.43098	27.21663	34.89159	9.29959	7.07331	28.50864	4.94812	15.76672	18.21064	3.43616	10.30384	9.88292	19.25363	27.64457	25.39271	19.54459	38.54596	4.38099	24.62398	28.30332	9.88047	9.56508	20.96835	10.85902	29.24076	22.50546	31.22384
k__Bacteria|p__Firmicutes|c__Clostridia|o__Clostridiales|f__Oscillospiraceae	0.1142	2.11595	1.68248	3.71936	0.27923	0.12336	1.40222	1.441	0.03706	0.02525	0.35365	1.33869	0.82702	1.47406	1.52655	1.02138	0.2433	0.33603	0.2346	0.00518	0.73723	0.09854	2.45171	0.37343	0.87465	1.91551	0.8254	0.09195	1.02798	0.52318	0.66262	0.23451	1.87967	0.19307	2.2461	2.88314	2.74632	0.81274	0.39832	0.44072	0.74029	0.83741	1.27878	0.70279
k__Bacteria|p__Firmicutes|c__Clostridia|o__Clostridiales|f__Peptostreptococcaceae	0.0107	0.39635	0.03363	0.00197	0.03998	0.05333	0.12862	0.20819	0.00728	0.03533	0.3361	0.00563	0.01295	0.00768	0.00151	1.34707	0.03723	0.26428	0.16497	0.0061	0.01827	1.91328	0.66	0.4869	0.09648	1.00425	3.16936	0.88301	0.07233	0.61386	0	0	0.50496	9.87754	0.20423	0.04854	0.02418	0.69988	0.06948	0.00277	1.09076	0.11067	2.30545	0.03121
k__Bacteria|p__Firmicutes|c__Clostridia|o__Clostridiales|f__Ruminococcaceae	51.52728	30.63986	2.04079	18.93031	36.66371	33.80312	37.46364	36.08684	29.5026	39.22359	24.8892	28.19752	31.53896	14.37212	20.31183	25.45423	20.69449	19.54909	36.9946	18.36221	5.52133	42.80653	23.3539	10.68622	7.22635	12.66061	3.01008	29.36048	15.96539	27.44975	16.50329	17.68914	35.85452	15.3683	26.85896	12.62357	25.647	35.14319	20.05817	18.27463	34.58989	15.73237	17.8328	13.58318
k__Bacteria|p__Firmicutes|c__Erysipelotrichia|o__Erysipelotrichales|f__Erysipelotrichaceae	2.3782	6.87419	4.89544	0.33118	0.36214	0.416	1.52781	1.50153	1.82293	1.01384	0.06446	1.82567	4.60282	0.46202	0.57335	0.53857	1.71013	0.21327	0.58314	0.4921	0.32848	1.54897	0.50009	2.63731	6.17902	0.67602	3.41478	0.49154	0.17309	2.68843	0.16099	0.07175	9.10052	2.48279	0.1788	6.85314	0.13418	0.06344	0.19457	1.09571	0.84774	0.2441	0.45636	2.20382
k__Bacteria|p__Firmicutes|c__Negativicutes|o__Selenomonadales|f__Acidaminococcaceae	0.15758	0.00195	0	0	0.00091	0.71248	0	0	0	0	0.01595	0.00494	1.37601	0.00526	0.00996	1.32378	0.02083	0	0	0	0	0	0	3.92313	1.37863	0.00369	7.78438	1.94276	0	0	0	0	0	2.75302	0	0	0.00919	0.01215	0.01078	0.0108	0	0	1.57449	0.00821
k__Bacteria|p__Firmicutes|c__Negativicutes|o__Selenomonadales|f__Veillonellaceae	0.21077	1.97248	0.02533	0.00638	0.02039	0.00491	0.00467	0.00428	0.07268	6.13951	0.02426	0.47154	0.00666	0.00701	0.03683	0.01364	0.00806	0.60439	0.00929	1.03985	1.54571	0.01278	0.01093	1.71322	0.00299	1.39223	8.73383	5.74434	2.42942	0.0045	0.06034	0.01613	1.30212	0.1085	8.49632	0.00777	2.07818	0.01338	0.08269	0.01846	0.06017	0.0123	0.02115	0.047
k__Bacteria|p__Fusobacteria|c__Fusobacteriia|o__Fusobacteriales|f__Fusobacteriaceae	0	0	0	0.0231	0.00035	0	0.08742	0.11502	0	0	0	0	0	0	0	0	0	0.2307	0	0	0	0	0	0	0	0.01989	0.00215	0	0.00947	0	0	0	0	0	0.00738	0.00455	0	0	0	0	0	0	0	0
k__Bacteria|p__Fusobacteria|c__Fusobacteriia|o__Fusobacteriales|f__Leptotrichiaceae	0	0	0	0	0	0	0	0	0	0	0	0	0	0	0	0	0	0	0	0	0	0	0	0	0	0	0.14649	0	0	0	0	0	0	0	0	0	0	0	0	0	0	0	0	0
k__Bacteria|p__Proteobacteria|c__Alphaproteobacteria|o__Rhizobiales|f__Rhizobiaceae	0	0	0	0	0	0	0	0	0	0	0	0	0	0	0	0	0	0	0	0	0	0.00498	0	0	0	0	0	0	0	0	0	0	0	0	0	0	0	0	0	0	0	0	0	0
k__Bacteria|p__Proteobacteria|c__Betaproteobacteria|o__Burkholderiales|f__Burkholderiales_noname	0.00224	0	0.01569	0.0591	0	0.07432	0.02083	0.02213	0	0	0.01071	0	0.17173	0	0	0.09774	0	0.00814	0	0.01074	0	0	0	0.04403	0	0.15362	0.01977	0.006	0.37854	0	0.00804	0.0057	0	0	0	0	0	0.063	0.00012	0.0123	0.00034	0	0.0921	0.00971
k__Bacteria|p__Proteobacteria|c__Betaproteobacteria|o__Burkholderiales|f__Oxalobacteraceae	0	0	0.02295	0.02901	0	0.05151	0.00376	0	0	0	0.03443	0	0	0.12885	0	0	0.03253	0.0139	0	0	0	0.00524	0	0	0	0	0	0	0	0.01307	0	0	0	0	0	0	0	0.0809	0	0	0	0	0	0
k__Bacteria|p__Proteobacteria|c__Betaproteobacteria|o__Burkholderiales|f__Sutterellaceae	0.20055	0	0.27509	0.66783	0.05738	0.01372	0.00733	0.00933	0.48912	0	0.03866	0	0.14689	0.03618	0	0.00216	0.00566	0.02748	0.03708	0.02687	0	0.00673	0	0.89493	0.06329	0.35906	2.1896	0.05653	0.22795	0.00162	0.08382	0.09878	0	0	0.07787	0.01327	0.00106	0.03456	1.40593	0.00468	0.72966	0.03881	0.00388	0.03078
k__Bacteria|p__Proteobacteria|c__Betaproteobacteria|o__Gallionellales|f__Gallionellaceae	0	0	0	0	0	0	0	0	0	0	0	0	0	0.00695	0	0	0	0	0	0	0	0	0	0	0	0	0	0	0	0	0	0	0	0	0	0	0	0	0	0	0	0	0	0
k__Bacteria|p__Proteobacteria|c__Deltaproteobacteria|o__Desulfovibrionales|f__Desulfovibrionaceae	0.08322	0.34553	0.59203	1.80255	0.43766	0.703	0.09275	0.09474	0.4308	0.00412	0.14292	0.86013	0.44029	1.20151	0.00282	0.21234	1.11487	0.32271	0.03442	0.08967	0	0.11884	1.07897	0.03055	0.53567	0	1.01591	0.01787	0.79092	0.23375	0	0	0.33829	0.43924	0.60539	0.35756	0	0.92286	0.07617	0	0.4195	0.28681	0.16853	0.55774
k__Bacteria|p__Proteobacteria|c__Epsilonproteobacteria|o__Campylobacterales|f__Campylobacteraceae	0	0	0	0	0	0	0.05881	0.22138	0	0	0	0	0	0	0.13095	0	0	0	0	0	0	0	0.02136	0	0	0.00014	0	0.00127	0	0	0	0	0	0.00038	0	0	0	0	0	0	0	0	0	0
k__Bacteria|p__Proteobacteria|c__Gammaproteobacteria|o__Enterobacteriales|f__Enterobacteriaceae	8.51108	1.04135	0.01309	0.02256	0.08316	0.74602	0.98741	1.01292	1.13212	1.84585	0.02104	0.02644	0.01064	0.56729	0.4199	3.40139	0.43683	1.11315	0.24256	10.38874	0.06686	1.38565	3.16783	1.76071	0.98927	0.26042	0.17309	0.54463	0.01885	6.33298	5.03183	7.69108	0.94282	0.10329	0.0025	0.0744	0.38847	1.8678	0.01262	0.01393	10.00016	0.79596	6.1334	0.01196
k__Bacteria|p__Proteobacteria|c__Gammaproteobacteria|o__Pasteurellales|f__Pasteurellaceae	0	0	0	0	0	0	0	0	0.02728	0.01615	0.03256	0	0.00122	0	0	0.0016	0	0.02193	0	0	0.00154	0	0	0.00077	0	0.18747	0	0.15863	0.28647	0	0.00179	0	0	0.06374	0.00242	0.00587	0	0	0.11127	0	0.051	0.01997	0.01074	0.01643
k__Bacteria|p__Proteobacteria|c__Gammaproteobacteria|o__Pseudomonadales|f__Pseudomonadaceae	0	0	0	0	0	0.01398	0	0	0.00576	0	0	0	0.01528	0	0	0	0	0	0	0	0	0	0	0	0	0	0	0	0	0	0	0	0	0	0	0	0	0	0	0.00535	0	0	0	0
k__Bacteria|p__Synergistetes|c__Synergistia|o__Synergistales|f__Synergistaceae	0	0	0.38234	0.29304	0	0.20873	0.00379	0.04552	0	0	0	0	0	0	0	0	0	0	0	0	0	0.30422	0	0	0	0	0	0	0	1.64085	0	0	0	0	0	0	0	0	0	0	0	0	0	0
k__Bacteria|p__Verrucomicrobia|c__Verrucomicrobiae|o__Verrucomicrobiales|f__Verrucomicrobiaceae	0.01636	0.6406	20.1241	21.84071	0.02518	0.1328	10.66491	11.27992	9.87719	0.00638	0.10339	0.00285	0	0.01657	1.16093	0.01207	8.67109	0.12836	0.06546	0.03563	0.06119	0.54036	0.05655	0.00535	36.236	0	1.30853	0.02794	0.1101	0.5545	0.03327	0.06794	0.45898	0.00222	5.16203	0.05978	3.03102	2.8987	0.00787	0.00755	0.04641	8.83666	0.00185	0.00665
k__Eukaryota|p__Ascomycota|c__Saccharomycetes|o__Saccharomycetales|f__Saccharomycetaceae	0	0	0.00043	0	0.00051	0	0	0	0	0	0	0.00035	0	0.00158	0.00031	0	0	0	0	0	0	0	0	0	0	0.00312	0	0	0	0	0	0	0	0	0	0	0.00093	0	0	0.00036	0	0	0.00312	0.0004
k__Viruses|p__Viruses_noname|c__Viruses_noname|o__Caudovirales|f__Myoviridae	14.73045	0	0.00254	0	0	0	0	0	0	0	0	0	0	0	0	0	0	0	0	0	0	0	0	0	0	0	0	0	0	0	0	0	0	0	0	0	0	0	0	0	0	0	0	0
k__Viruses|p__Viruses_noname|c__Viruses_noname|o__Caudovirales|f__Siphoviridae	0.02451	0	0	0.08006	0	0.01612	0.00185	0.00311	0	0.13141	0.0009	0	0.07805	0.44443	0	0.00211	1.02496	0	0.02025	0	0.0071	0.42175	0.00437	0	0	0	0.00379	0.03418	0.00107	0	0	0.02826	0.00138	0	0.0158	0.01044	0.00213	0.00313	0.00075	10.64069	0	0.00525	0	0
k__Viruses|p__Viruses_noname|c__Viruses_noname|o__Viruses_noname|f__Baculoviridae	0	0	0.00293	0	0	0	0	0	0	0	0	0	0.00238	0.00282	0	0	0	0	0	0	0	0	0	0.00174	0	0	0	0	0	0	0	0	0	0	0	0	0	0	0	0	0	0	0	0
k__Viruses|p__Viruses_noname|c__Viruses_noname|o__Viruses_noname|f__Circoviridae	0	0	0	0	0	0	0	0	0	0	0	0	0	0	0.00911	0	0	0	0	0	0	0	0	0	0	0	0	0	0	0	0	0	0	0	0	0	0	0	0	0	0	0	0	0
k__Viruses|p__Viruses_noname|c__Viruses_noname|o__Viruses_noname|f__Flaviviridae	0	0	0	0	0.0016	0.00716	0	0	0	0	0	0	0	0	0	0	0	0	0	0.00224	0	0	0	0	0	0	0	0	0	0	0	0	0	0	0.00196	0	0	0	0	0	0	0	0	0
k__Viruses|p__Viruses_noname|c__Viruses_noname|o__Viruses_noname|f__Hepadnaviridae	0	0	0	0	0	0	0.00356	0	0.0079	0	0	0	0	0	0	0	0	0	0	0	0	0	0	0	0	0	0	0	0	0	0	0	0	0	0	0	0	0	0	0	0	0	0	0
k__Viruses|p__Viruses_noname|c__Viruses_noname|o__Viruses_noname|f__Retroviridae	0	0	0	0	0.00525	0.00467	0	0	0	0	0	0	0	0	0	0	0	0	0	0	0	0	0	0	0	0	0	0	0	0	0	0	0	0.00335	0	0	0.00476	0	0.01009	0	0	0.00727	0.0019	0
