class	SRR5930493	SRR5930494	SRR5930495	SRR5930496	SRR5930497	SRR5930498	SRR5930499	SRR5930500	SRR5930501	SRR5930502	SRR5930503	SRR5930504	SRR5930505	SRR5930506	SRR5930507	SRR5930508	SRR5930509	SRR5930510	SRR5930511	SRR5930512	SRR5930513	SRR5930514	SRR5930515	SRR5930516	SRR5930517	SRR5930518	SRR5930519	SRR5930520	SRR5930521	SRR5930522	SRR5930523	SRR5930524	SRR5930525	SRR5930526	SRR5930527	SRR5930528	SRR5930529	SRR5930530	SRR5930531	SRR5930532	SRR5930533	SRR5930534	SRR5930535	SRR5930536
k__Archaea|p__Euryarchaeota|c__Methanobacteria	0.85164	1.78282	4.73253	0.56866	0.00274	4.30491	1.38953	1.4687	1.35454	0	1.93842	0	0	0.00033	3.21289	0.00452	0.17539	0.0147	0.02015	0.0073	0.02177	9.13859	0.01155	1.99276	2.51528	0	0	1.0109	0	0.00334	0.01005	0.01413	2.49032	0.00217	0.22003	0.00126	0.0031	0.00408	0.00195	0.00372	0.00396	0.00422	0.002	0
k__Archaea|p__Euryarchaeota|c__Methanococci	0	0	0	0	0	0	0	0	0	0	0.00208	0	0	0	0	0	0	0	0	0	0	0	0	0	0	0	0	0	0	0	0	0	0	0	0	0	0	0	0	0	0	0	0	0
k__Bacteria|p__Actinobacteria|c__Actinobacteria	2.94678	4.19144	11.44318	2.50179	3.06104	2.22175	3.16369	3.61252	1.03945	0.58255	1.13953	2.99046	1.60995	1.30289	4.67901	4.73242	1.97231	3.16267	11.75507	1.27734	1.40481	10.8077	2.23437	29.73443	3.78317	6.33156	5.82346	6.01182	12.57453	10.48533	0.29327	0.45883	4.44686	1.86713	0.57679	3.56614	1.18653	1.57118	8.06785	3.5936	11.37549	1.72394	4.71843	3.34985
k__Bacteria|p__Bacteroidetes|c__Bacteroidia	6.30316	15.97945	20.12738	35.55896	25.98607	26.67338	22.6819	22.72762	28.81137	30.27244	20.63483	22.80902	28.67116	42.60478	19.8168	24.19505	42.81017	39.87367	12.54923	1.18954	59.08001	17.33061	32.46744	26.51569	8.1732	45.70006	49.09821	20.10663	42.7894	10.61858	38.35817	29.46384	11.34232	22.33908	39.68086	36.92283	31.71862	29.87898	36.27949	12.76753	19.70604	26.58763	30.2508	45.80636
k__Bacteria|p__Candidatus_Saccharibacteria|c__Candidatus_Saccharibacteria_noname	0	0	0	0	0.00058	0	0	0	0	0	0	0	0	0.00041	0	0	0	0	0	0	0	0	0	0	0	0	0	0	0	0.00567	0.00187	0	0	0	0	0	0	0	0	0	0	0	0	0
k__Bacteria|p__Firmicutes|c__Bacilli	0.05277	0.4827	1.04705	0.11023	0.34097	1.5501	0.58581	0.51517	0.6294	0.70416	0.12019	0.23882	2.43679	2.39893	0.54992	1.63303	1.26392	0.13945	0.84464	10.39514	0.40446	0.0616	1.3231	11.63294	10.32762	2.37553	2.06885	5.32423	0.77979	11.66626	3.00598	0.53068	0.34497	0.39702	0.28372	0.567	0.11699	0.16346	0.38975	23.12854	0.10545	1.63582	1.79725	0.18085
k__Bacteria|p__Firmicutes|c__Clostridia	63.53069	66.6875	36.2979	36.10484	69.61406	62.14444	58.71417	57.36611	54.29946	59.28358	75.67566	70.76979	60.43011	50.81219	69.39722	63.82957	40.75323	54.12549	73.83873	75.04484	37.07806	58.31199	59.12343	19.11247	29.81586	42.5372	18.21714	58.52073	39.43039	55.75111	52.95058	61.55289	69.23142	69.43807	44.68812	51.55597	61.32483	62.42237	53.34809	48.69677	56.65407	59.80127	54.764	47.77023
k__Bacteria|p__Firmicutes|c__Erysipelotrichia	2.3782	6.87419	4.89544	0.33118	0.36214	0.416	1.52781	1.50153	1.82293	1.01384	0.06446	1.82567	4.60282	0.46202	0.57335	0.53857	1.71013	0.21327	0.58314	0.4921	0.32848	1.54897	0.50009	2.63731	6.17902	0.67602	3.41478	0.49154	0.17309	2.68843	0.16099	0.07175	9.10052	2.48279	0.1788	6.85314	0.13418	0.06344	0.19457	1.09571	0.84774	0.2441	0.45636	2.20382
k__Bacteria|p__Firmicutes|c__Negativicutes	0.36836	1.97442	0.02533	0.00638	0.0213	0.71739	0.00467	0.00428	0.07268	6.13951	0.04022	0.47648	1.38268	0.01226	0.04678	1.33742	0.02889	0.60439	0.00929	1.03985	1.54571	0.01278	0.01093	5.63634	1.38162	1.39592	16.51821	7.68711	2.42942	0.0045	0.06034	0.01613	1.30212	2.86152	8.49632	0.00777	2.08738	0.02554	0.09347	0.02927	0.06017	0.0123	1.59564	0.05522
k__Bacteria|p__Fusobacteria|c__Fusobacteriia	0	0	0	0.0231	0.00035	0	0.08742	0.11502	0	0	0	0	0	0	0	0	0	0.2307	0	0	0	0	0	0	0	0.01989	0.14865	0	0.00947	0	0	0	0	0	0.00738	0.00455	0	0	0	0	0	0	0	0
k__Bacteria|p__Proteobacteria|c__Alphaproteobacteria	0	0	0	0	0	0	0	0	0	0	0	0	0	0	0	0	0	0	0	0	0	0.00498	0	0	0	0	0	0	0	0	0	0	0	0	0	0	0	0	0	0	0	0	0	0
k__Bacteria|p__Proteobacteria|c__Betaproteobacteria	0.20278	0	0.31374	0.75593	0.05738	0.13954	0.03192	0.03146	0.48912	0	0.0838	0	0.31862	0.17198	0	0.0999	0.0382	0.04951	0.03708	0.03761	0	0.01197	0	0.93895	0.06329	0.51268	2.20937	0.06253	0.60649	0.01469	0.09187	0.10448	0	0	0.07787	0.01327	0.00106	0.17846	1.40605	0.01698	0.73	0.03881	0.09598	0.04049
k__Bacteria|p__Proteobacteria|c__Deltaproteobacteria	0.08322	0.34553	0.59203	1.80255	0.43766	0.703	0.09275	0.09474	0.4308	0.00412	0.14292	0.86013	0.44029	1.20151	0.00282	0.21234	1.11487	0.32271	0.03442	0.08967	0	0.11884	1.07897	0.03055	0.53567	0	1.01591	0.01787	0.79092	0.23375	0	0	0.33829	0.43924	0.60539	0.35756	0	0.92286	0.07617	0	0.4195	0.28681	0.16853	0.55774
k__Bacteria|p__Proteobacteria|c__Epsilonproteobacteria	0	0	0	0	0	0	0.05881	0.22138	0	0	0	0	0	0	0.13095	0	0	0	0	0	0	0	0.02136	0	0	0.00014	0	0.00127	0	0	0	0	0	0.00038	0	0	0	0	0	0	0	0	0	0
k__Bacteria|p__Proteobacteria|c__Gammaproteobacteria	8.51108	1.04135	0.01309	0.02256	0.08316	0.76	0.98741	1.01292	1.16516	1.862	0.05359	0.02644	0.02714	0.56729	0.4199	3.40299	0.43683	1.13508	0.24256	10.38874	0.06841	1.38565	3.16783	1.76147	0.98927	0.44788	0.17309	0.70325	0.30532	6.33298	5.03361	7.69108	0.94282	0.16703	0.00493	0.08027	0.38847	1.8678	0.12389	0.01928	10.05116	0.81593	6.14415	0.02839
k__Bacteria|p__Synergistetes|c__Synergistia	0	0	0.38234	0.29304	0	0.20873	0.00379	0.04552	0	0	0	0	0	0	0	0	0	0	0	0	0	0.30422	0	0	0	0	0	0	0	1.64085	0	0	0	0	0	0	0	0	0	0	0	0	0	0
k__Bacteria|p__Verrucomicrobia|c__Verrucomicrobiae	0.01636	0.6406	20.1241	21.84071	0.02518	0.1328	10.66491	11.27992	9.87719	0.00638	0.10339	0.00285	0	0.01657	1.16093	0.01207	8.67109	0.12836	0.06546	0.03563	0.06119	0.54036	0.05655	0.00535	36.236	0	1.30853	0.02794	0.1101	0.5545	0.03327	0.06794	0.45898	0.00222	5.16203	0.05978	3.03102	2.8987	0.00787	0.00755	0.04641	8.83666	0.00185	0.00665
k__Eukaryota|p__Ascomycota|c__Saccharomycetes	0	0	0.00043	0	0.00051	0	0	0	0	0	0	0.00035	0	0.00158	0.00031	0	0	0	0	0	0	0	0	0	0	0.00312	0	0	0	0	0	0	0	0	0	0	0.00093	0	0	0.00036	0	0	0.00312	0.0004
k__Viruses|p__Viruses_noname|c__Viruses_noname	14.75496	0	0.00547	0.08006	0.00685	0.02796	0.00541	0.00311	0.0079	0.13141	0.0009	0	0.08043	0.44725	0.00911	0.00211	1.02496	0	0.02025	0.00224	0.0071	0.42175	0.00437	0.00174	0	0	0.00379	0.03418	0.00107	0	0	0.02826	0.00138	0.00335	0.01776	0.01044	0.00689	0.00313	0.01084	10.64069	0	0.01252	0.0019	0
