Taxon	SRR9207262	SRR9207263	SRR9207264	SRR9207265	SRR9207266	SRR9207267	SRR9207268	SRR9207269	SRR9207270	SRR9207271	SRR9207272	SRR9207273	SRR9207274	SRR9207275	SRR9207276	SRR9207277	SRR9207278	SRR9207279	SRR9207280	SRR9207281	SRR9207282	SRR9207283	SRR9207284	SRR9207285	SRR9207286	SRR9207287	SRR9207288	SRR9207289	SRR9207290	SRR9207291	SRR9207292	SRR9207293	SRR9207294	SRR9207295	SRR9207296	SRR9207297	SRR9207298	SRR9207299	SRR9207300	SRR9207301	SRR9207302	SRR9207303	SRR9207304	SRR9207305	SRR9207306	SRR9207307	SRR9207308	SRR9207309
k__Archaea;p__Euryarchaeota;c__Methanobacteria;o__Methanobacteriales;f__Methanobacteriaceae	0.0	1.0	0.0	0.0	0.0	0.0	0.0	0.0	1.0	0.0	0.0	0.0	163.0	14.0	0.0	0.0	0.0	0.0	0.0	0.0	1.0	0.0	18.0	0.0	0.0	0.0	104.0	0.0	592.0	0.0	0.0	0.0	6.0	76.0	0.0	0.0	3.0	0.0	0.0	0.0	0.0	0.0	1.0	0.0	0.0	0.0	0.0	0.0
k__Archaea;p__Euryarchaeota;c__Thermoplasmata;o__Thermoplasmatales;f__Thermoplasmatales_incertae_sedis	0.0	0.0	0.0	0.0	0.0	0.0	0.0	0.0	0.0	0.0	0.0	0.0	3.0	1.0	0.0	0.0	0.0	0.0	0.0	0.0	0.0	0.0	0.0	0.0	0.0	0.0	0.0	0.0	0.0	0.0	0.0	0.0	15.0	0.0	0.0	0.0	0.0	0.0	0.0	0.0	0.0	0.0	0.0	0.0	0.0	0.0	0.0	0.0
k__Bacteria;p__Actinobacteria;c__Actinobacteria;o__Actinomycetales;f__Actinomycetaceae	0.0	0.0	0.0	0.0	2.0	0.0	0.0	0.0	1.0	0.0	0.0	0.0	0.0	0.0	0.0	1.0	0.0	0.0	0.0	2.0	0.0	0.0	0.0	0.0	1.0	0.0	1.0	0.0	0.0	1.0	0.0	0.0	0.0	0.0	0.0	0.0	0.0	1.0	0.0	0.0	0.0	0.0	1.0	1.0	1.0	1.0	1.0	1.0
k__Bacteria;p__Actinobacteria;c__Actinobacteria;o__Actinomycetales;f__Dietziaceae	0.0	0.0	0.0	0.0	0.0	0.0	0.0	0.0	0.0	0.0	0.0	0.0	0.0	0.0	0.0	0.0	0.0	0.0	0.0	0.0	0.0	0.0	0.0	0.0	0.0	0.0	0.0	0.0	0.0	0.0	0.0	0.0	0.0	0.0	0.0	0.0	0.0	0.0	0.0	0.0	0.0	0.0	0.0	0.0	1.0	0.0	0.0	0.0
k__Bacteria;p__Actinobacteria;c__Actinobacteria;o__Actinomycetales;f__Incertae_sedis	0.0	0.0	0.0	0.0	0.0	0.0	0.0	0.0	0.0	0.0	0.0	0.0	2.0	3.0	0.0	0.0	0.0	0.0	0.0	0.0	0.0	0.0	0.0	0.0	0.0	0.0	0.0	0.0	0.0	0.0	0.0	0.0	14.0	0.0	0.0	0.0	0.0	0.0	0.0	0.0	0.0	0.0	0.0	0.0	12.0	0.0	0.0	0.0
k__Bacteria;p__Actinobacteria;c__Actinobacteria;o__Actinomycetales;f__Microbacteriaceae	0.0	0.0	0.0	0.0	0.0	0.0	0.0	0.0	0.0	0.0	0.0	0.0	0.0	0.0	0.0	0.0	0.0	0.0	0.0	0.0	0.0	0.0	0.0	1.0	0.0	0.0	0.0	0.0	0.0	0.0	0.0	0.0	0.0	0.0	0.0	0.0	0.0	0.0	0.0	0.0	0.0	0.0	0.0	0.0	0.0	0.0	0.0	0.0
k__Bacteria;p__Actinobacteria;c__Actinobacteria;o__Actinomycetales;f__Micrococcaceae	0.0	0.0	0.0	0.0	0.0	0.0	0.0	0.0	2.0	0.0	0.0	0.0	0.0	0.0	1.0	0.0	0.0	0.0	0.0	0.0	0.0	0.0	0.0	0.0	0.0	0.0	0.0	0.0	0.0	0.0	0.0	0.0	0.0	0.0	2.0	0.0	0.0	0.0	0.0	0.0	0.0	3.0	0.0	0.0	1.0	1.0	0.0	0.0
k__Bacteria;p__Actinobacteria;c__Actinobacteria;o__Bifidobacteriales;f__Bifidobacteriaceae	0.0	86.0	70.0	1.0	0.0	2.0	0.0	0.0	81.0	0.0	0.0	1.0	233.0	131.0	64.0	93.0	1.0	822.0	24.0	514.0	7.0	41.0	0.0	0.0	3.0	10.0	1.0	1.0	0.0	461.0	15.0	2.0	24.0	97.0	40.0	94.0	61.0	50.0	0.0	457.0	26.0	4.0	26.0	218.0	1.0	8.0	872.0	1.0
k__Bacteria;p__Actinobacteria;c__Actinobacteria;o__Coriobacteriales;f__Coriobacteriaceae	19.0	5.0	40.0	65.0	50.0	84.0	90.0	208.0	64.0	14.0	7.0	4.0	30.0	39.0	105.0	182.0	4.0	39.0	15.0	14.0	192.0	1.0	54.0	12.0	205.0	363.0	15.0	39.0	25.0	15.0	10.0	10.0	7.0	346.0	9.0	437.0	240.0	11.0	11.0	2.0	50.0	58.0	36.0	37.0	19.0	29.0	105.0	5.0
k__Bacteria;p__Bacteroidetes;c__Bacteroidia;o__Bacteroidales;f__Bacteroidaceae	3348.0	4414.0	2778.0	2955.0	722.0	1470.0	1835.0	821.0	2836.0	3645.0	3647.0	3513.0	1093.0	297.0	2846.0	3594.0	6841.0	3040.0	5551.0	3946.0	2828.0	5529.0	1989.0	750.0	2603.0	1222.0	2608.0	3155.0	1668.0	4727.0	5555.0	7612.0	1404.0	4120.0	5525.0	5385.0	3354.0	3756.0	2652.0	6416.0	3540.0	5417.0	1943.0	2031.0	3559.0	3407.0	2476.0	3140.0
k__Bacteria;p__Bacteroidetes;c__Bacteroidia;o__Bacteroidales;f__Porphyromonadaceae	482.0	625.0	462.0	574.0	203.0	23.0	196.0	197.0	282.0	312.0	346.0	747.0	436.0	374.0	261.0	388.0	395.0	205.0	188.0	159.0	27.0	1.0	569.0	525.0	969.0	876.0	796.0	672.0	805.0	457.0	84.0	72.0	399.0	227.0	143.0	298.0	234.0	12.0	94.0	3.0	117.0	690.0	322.0	190.0	396.0	436.0	174.0	511.0
k__Bacteria;p__Bacteroidetes;c__Bacteroidia;o__Bacteroidales;f__Prevotellaceae	29.0	1.0	1.0	1.0	1421.0	700.0	98.0	3611.0	0.0	0.0	1.0	2.0	693.0	294.0	0.0	0.0	76.0	26.0	0.0	4.0	0.0	0.0	1.0	0.0	1.0	0.0	96.0	232.0	22.0	12.0	0.0	0.0	1068.0	0.0	0.0	1.0	0.0	0.0	747.0	1.0	0.0	0.0	377.0	2.0	1.0	4.0	61.0	38.0
k__Bacteria;p__Bacteroidetes;c__Bacteroidia;o__Bacteroidales;f__Rikenellaceae	517.0	1784.0	805.0	972.0	219.0	58.0	202.0	32.0	109.0	878.0	390.0	1014.0	118.0	18.0	54.0	83.0	184.0	382.0	0.0	4.0	64.0	319.0	609.0	183.0	836.0	521.0	180.0	302.0	230.0	337.0	306.0	434.0	200.0	776.0	7.0	281.0	647.0	57.0	34.0	141.0	150.0	436.0	120.0	468.0	748.0	510.0	524.0	475.0
k__Bacteria;p__Bacteroidetes;c__Bacteroidia;o__Bacteroidales;f__unassigned	210.0	3.0	0.0	0.0	0.0	0.0	0.0	0.0	0.0	1.0	0.0	0.0	0.0	0.0	2.0	0.0	78.0	0.0	0.0	0.0	0.0	0.0	0.0	0.0	0.0	0.0	1.0	1.0	0.0	3.0	0.0	1.0	1.0	1.0	1.0	1.0	3.0	0.0	0.0	0.0	0.0	6.0	0.0	1.0	5.0	0.0	3.0	132.0
k__Bacteria;p__Bacteroidetes;c__Flavobacteria;o__Flavobacteriales;f__Flavobacteriaceae	0.0	0.0	0.0	0.0	0.0	0.0	0.0	0.0	0.0	0.0	0.0	0.0	0.0	0.0	0.0	0.0	0.0	0.0	0.0	0.0	0.0	0.0	0.0	0.0	0.0	0.0	3.0	1.0	1.0	0.0	0.0	0.0	0.0	0.0	0.0	0.0	0.0	0.0	0.0	0.0	0.0	0.0	0.0	0.0	0.0	0.0	0.0	0.0
k__Bacteria;p__Bacteroidetes;c__Sphingobacteria;o__Sphingobacteriales;f__Sphingobacteriaceae	7.0	0.0	0.0	0.0	16.0	0.0	0.0	0.0	0.0	0.0	0.0	0.0	139.0	61.0	0.0	0.0	0.0	0.0	0.0	0.0	0.0	0.0	44.0	5.0	8.0	10.0	0.0	0.0	1.0	5.0	0.0	0.0	61.0	0.0	0.0	0.0	0.0	0.0	0.0	0.0	2.0	0.0	263.0	0.0	0.0	0.0	0.0	4.0
k__Bacteria;p__Bacteroidetes;c__unassigned;o__unassigned;f__unassigned	65.0	1.0	1.0	0.0	0.0	0.0	0.0	0.0	0.0	0.0	0.0	0.0	70.0	27.0	1.0	0.0	5.0	0.0	0.0	0.0	0.0	0.0	1.0	193.0	37.0	22.0	0.0	2.0	0.0	0.0	0.0	0.0	48.0	1.0	0.0	0.0	1.0	0.0	0.0	0.0	0.0	1.0	3.0	0.0	1.0	0.0	0.0	25.0
k__Bacteria;p__Firmicutes;c__Bacilli;o__Bacillales;f__Bacillaceae_1	0.0	0.0	0.0	0.0	0.0	0.0	0.0	0.0	0.0	0.0	0.0	0.0	0.0	0.0	0.0	0.0	0.0	0.0	0.0	0.0	0.0	0.0	0.0	0.0	0.0	0.0	1.0	0.0	0.0	0.0	0.0	0.0	0.0	0.0	0.0	0.0	0.0	0.0	0.0	0.0	0.0	0.0	0.0	0.0	0.0	0.0	0.0	0.0
k__Bacteria;p__Firmicutes;c__Bacilli;o__Bacillales;f__Bacillales_Incertae_Sedis_XI	0.0	0.0	1.0	0.0	1.0	0.0	0.0	0.0	0.0	0.0	0.0	0.0	0.0	0.0	0.0	0.0	0.0	0.0	0.0	0.0	2.0	0.0	0.0	0.0	0.0	0.0	0.0	0.0	0.0	0.0	0.0	0.0	0.0	0.0	0.0	0.0	0.0	0.0	0.0	0.0	0.0	1.0	0.0	0.0	0.0	0.0	0.0	0.0
k__Bacteria;p__Firmicutes;c__Bacilli;o__Bacillales;f__Listeriaceae	4.0	105.0	1.0	1.0	25.0	0.0	0.0	1.0	1.0	0.0	1.0	0.0	33.0	182.0	0.0	0.0	0.0	0.0	0.0	0.0	0.0	0.0	564.0	0.0	1.0	0.0	11.0	11.0	115.0	0.0	0.0	0.0	82.0	22.0	1.0	0.0	2.0	0.0	1.0	0.0	0.0	0.0	4.0	0.0	0.0	0.0	0.0	0.0
k__Bacteria;p__Firmicutes;c__Bacilli;o__Bacillales;f__Paenibacillaceae_1	0.0	0.0	0.0	0.0	0.0	0.0	0.0	0.0	0.0	0.0	0.0	0.0	0.0	2.0	0.0	0.0	0.0	0.0	0.0	0.0	0.0	0.0	0.0	0.0	0.0	0.0	0.0	0.0	0.0	0.0	0.0	0.0	0.0	0.0	0.0	0.0	0.0	0.0	0.0	0.0	0.0	0.0	0.0	0.0	0.0	0.0	0.0	0.0
k__Bacteria;p__Firmicutes;c__Bacilli;o__Bacillales;f__Paenibacillaceae_2	0.0	0.0	0.0	0.0	0.0	0.0	0.0	0.0	0.0	0.0	0.0	0.0	0.0	0.0	0.0	0.0	0.0	0.0	0.0	0.0	0.0	0.0	0.0	0.0	0.0	0.0	0.0	0.0	0.0	0.0	0.0	0.0	0.0	0.0	0.0	0.0	0.0	0.0	0.0	0.0	0.0	0.0	0.0	0.0	0.0	0.0	0.0	1.0
k__Bacteria;p__Firmicutes;c__Bacilli;o__Bacillales;f__Planococcaceae	0.0	0.0	0.0	0.0	0.0	0.0	0.0	0.0	0.0	0.0	0.0	0.0	0.0	0.0	0.0	0.0	0.0	0.0	0.0	0.0	0.0	0.0	0.0	0.0	0.0	0.0	0.0	1.0	0.0	0.0	0.0	0.0	0.0	0.0	0.0	0.0	0.0	0.0	0.0	0.0	0.0	0.0	1.0	3.0	0.0	0.0	0.0	0.0
k__Bacteria;p__Firmicutes;c__Bacilli;o__Bacillales;f__Staphylococcaceae	0.0	1.0	0.0	1.0	0.0	0.0	0.0	0.0	0.0	0.0	0.0	0.0	222.0	0.0	0.0	0.0	0.0	0.0	0.0	0.0	0.0	0.0	0.0	0.0	0.0	0.0	0.0	0.0	0.0	0.0	0.0	0.0	0.0	0.0	0.0	0.0	1.0	0.0	0.0	0.0	0.0	1.0	0.0	0.0	0.0	0.0	0.0	0.0
k__Bacteria;p__Firmicutes;c__Bacilli;o__Bacillales;f__Thermoactinomycetaceae_1	8.0	102.0	0.0	117.0	1.0	1.0	8.0	0.0	1.0	12.0	0.0	0.0	9.0	0.0	0.0	0.0	2.0	0.0	0.0	0.0	0.0	0.0	33.0	0.0	0.0	0.0	28.0	43.0	94.0	2.0	0.0	0.0	3.0	4.0	0.0	0.0	2.0	0.0	1.0	0.0	0.0	0.0	10.0	0.0	0.0	0.0	0.0	2.0
k__Bacteria;p__Firmicutes;c__Bacilli;o__Bacillales;f__unassigned	0.0	0.0	0.0	0.0	4.0	0.0	0.0	0.0	0.0	0.0	0.0	0.0	0.0	0.0	0.0	0.0	0.0	0.0	0.0	0.0	0.0	0.0	0.0	0.0	0.0	0.0	0.0	0.0	0.0	0.0	0.0	0.0	0.0	0.0	0.0	0.0	0.0	0.0	0.0	0.0	0.0	0.0	1.0	0.0	0.0	0.0	0.0	0.0
k__Bacteria;p__Firmicutes;c__Bacilli;o__Lactobacillales;f__Carnobacteriaceae	0.0	0.0	0.0	0.0	3.0	0.0	0.0	0.0	2.0	0.0	0.0	0.0	1.0	0.0	0.0	1.0	0.0	0.0	0.0	1.0	3.0	0.0	0.0	0.0	0.0	0.0	0.0	0.0	0.0	0.0	0.0	0.0	0.0	0.0	1.0	1.0	0.0	0.0	0.0	0.0	0.0	5.0	0.0	1.0	0.0	0.0	0.0	0.0
k__Bacteria;p__Firmicutes;c__Bacilli;o__Lactobacillales;f__Enterococcaceae	0.0	0.0	0.0	0.0	0.0	0.0	6.0	0.0	1.0	0.0	0.0	0.0	0.0	0.0	98.0	0.0	0.0	0.0	0.0	0.0	0.0	0.0	0.0	0.0	0.0	0.0	4.0	0.0	0.0	0.0	0.0	0.0	8.0	0.0	0.0	0.0	0.0	0.0	1.0	0.0	0.0	0.0	1.0	1.0	0.0	0.0	0.0	0.0
k__Bacteria;p__Firmicutes;c__Bacilli;o__Lactobacillales;f__Lactobacillaceae	0.0	7.0	60.0	0.0	2.0	1.0	2.0	2.0	0.0	0.0	0.0	0.0	0.0	0.0	0.0	0.0	0.0	0.0	0.0	0.0	0.0	276.0	1.0	0.0	0.0	1.0	0.0	0.0	0.0	2.0	0.0	0.0	6.0	0.0	0.0	0.0	2.0	0.0	0.0	18.0	2.0	3.0	0.0	0.0	0.0	0.0	0.0	0.0
k__Bacteria;p__Firmicutes;c__Bacilli;o__Lactobacillales;f__Leuconostocaceae	0.0	0.0	0.0	0.0	1.0	0.0	0.0	0.0	2.0	0.0	2.0	0.0	0.0	0.0	5.0	0.0	0.0	0.0	0.0	2.0	0.0	0.0	0.0	0.0	0.0	0.0	0.0	0.0	0.0	1.0	0.0	0.0	0.0	0.0	0.0	0.0	0.0	0.0	0.0	0.0	0.0	0.0	0.0	0.0	0.0	34.0	0.0	0.0
k__Bacteria;p__Firmicutes;c__Bacilli;o__Lactobacillales;f__Streptococcaceae	0.0	0.0	133.0	18.0	45.0	5.0	8.0	8.0	88.0	6.0	19.0	4.0	24.0	23.0	73.0	46.0	1.0	3.0	0.0	6.0	5.0	1.0	52.0	8.0	14.0	8.0	11.0	21.0	17.0	15.0	3.0	8.0	12.0	1.0	5.0	13.0	2.0	3.0	24.0	0.0	25.0	75.0	8.0	9.0	2.0	99.0	1.0	2.0
k__Bacteria;p__Firmicutes;c__Bacilli;o__Lactobacillales;f__unassigned	0.0	0.0	1.0	0.0	0.0	0.0	0.0	0.0	0.0	0.0	0.0	0.0	0.0	0.0	0.0	0.0	0.0	0.0	0.0	0.0	0.0	0.0	0.0	0.0	0.0	0.0	0.0	0.0	0.0	0.0	0.0	0.0	0.0	0.0	0.0	0.0	0.0	0.0	0.0	0.0	0.0	0.0	0.0	0.0	0.0	0.0	0.0	0.0
k__Bacteria;p__Firmicutes;c__Clostridia;o__Clostridiales;f__Clostridiaceae_1	212.0	8.0	248.0	16.0	275.0	94.0	8.0	13.0	24.0	10.0	7.0	5.0	197.0	234.0	47.0	18.0	3.0	27.0	16.0	15.0	1055.0	2.0	278.0	183.0	75.0	37.0	62.0	25.0	284.0	18.0	14.0	16.0	286.0	9.0	15.0	17.0	8.0	23.0	154.0	0.0	28.0	0.0	91.0	322.0	40.0	530.0	47.0	79.0
k__Bacteria;p__Firmicutes;c__Clostridia;o__Clostridiales;f__Clostridiaceae_2	0.0	0.0	0.0	0.0	0.0	0.0	0.0	0.0	0.0	0.0	0.0	0.0	0.0	0.0	0.0	0.0	0.0	0.0	0.0	0.0	0.0	0.0	0.0	0.0	0.0	0.0	0.0	0.0	0.0	0.0	1.0	0.0	0.0	0.0	0.0	0.0	0.0	0.0	0.0	0.0	0.0	0.0	0.0	0.0	0.0	0.0	0.0	0.0
k__Bacteria;p__Firmicutes;c__Clostridia;o__Clostridiales;f__Clostridiaceae_3	0.0	0.0	0.0	0.0	0.0	0.0	0.0	0.0	0.0	0.0	0.0	0.0	0.0	0.0	0.0	0.0	0.0	0.0	0.0	0.0	0.0	0.0	0.0	0.0	0.0	0.0	0.0	0.0	0.0	0.0	0.0	0.0	0.0	0.0	0.0	0.0	0.0	0.0	0.0	0.0	0.0	0.0	1.0	0.0	0.0	0.0	0.0	0.0
k__Bacteria;p__Firmicutes;c__Clostridia;o__Clostridiales;f__Clostridiaceae_4	0.0	0.0	0.0	5.0	0.0	0.0	0.0	0.0	0.0	0.0	0.0	0.0	1.0	0.0	0.0	0.0	0.0	0.0	0.0	0.0	0.0	0.0	3.0	0.0	0.0	0.0	3.0	3.0	4.0	2.0	0.0	0.0	1.0	0.0	0.0	0.0	0.0	0.0	0.0	0.0	0.0	0.0	0.0	0.0	0.0	0.0	0.0	0.0
k__Bacteria;p__Firmicutes;c__Clostridia;o__Clostridiales;f__Clostridiales_Incertae_Sedis_XI	0.0	7.0	0.0	0.0	0.0	0.0	0.0	36.0	0.0	0.0	0.0	0.0	1.0	2.0	0.0	0.0	0.0	1.0	0.0	0.0	0.0	0.0	0.0	0.0	0.0	0.0	0.0	0.0	0.0	6.0	0.0	0.0	0.0	0.0	0.0	0.0	0.0	0.0	0.0	0.0	0.0	0.0	0.0	0.0	0.0	0.0	5.0	0.0
k__Bacteria;p__Firmicutes;c__Clostridia;o__Clostridiales;f__Clostridiales_Incertae_Sedis_XII	0.0	0.0	0.0	0.0	0.0	0.0	0.0	0.0	0.0	0.0	0.0	0.0	0.0	0.0	0.0	0.0	0.0	0.0	0.0	0.0	0.0	0.0	0.0	0.0	0.0	16.0	0.0	0.0	0.0	0.0	0.0	0.0	0.0	0.0	0.0	0.0	0.0	0.0	0.0	0.0	0.0	0.0	0.0	0.0	0.0	0.0	0.0	0.0
k__Bacteria;p__Firmicutes;c__Clostridia;o__Clostridiales;f__Clostridiales_Incertae_Sedis_XIII	8.0	0.0	0.0	4.0	9.0	1.0	0.0	0.0	0.0	1.0	0.0	1.0	50.0	48.0	0.0	0.0	3.0	0.0	0.0	1.0	0.0	0.0	0.0	3.0	3.0	6.0	0.0	0.0	0.0	0.0	1.0	2.0	11.0	4.0	0.0	1.0	2.0	0.0	0.0	0.0	0.0	0.0	0.0	0.0	0.0	3.0	0.0	8.0
k__Bacteria;p__Firmicutes;c__Clostridia;o__Clostridiales;f__Clostridiales_Incertae_Sedis_XIV	0.0	0.0	0.0	0.0	0.0	0.0	0.0	0.0	0.0	0.0	0.0	0.0	0.0	0.0	0.0	0.0	0.0	0.0	0.0	0.0	0.0	0.0	0.0	0.0	0.0	0.0	1.0	0.0	0.0	0.0	0.0	0.0	0.0	0.0	0.0	0.0	0.0	0.0	0.0	0.0	0.0	0.0	0.0	0.0	0.0	0.0	0.0	0.0
k__Bacteria;p__Firmicutes;c__Clostridia;o__Clostridiales;f__Eubacteriaceae	17.0	52.0	224.0	376.0	161.0	17.0	96.0	53.0	111.0	167.0	159.0	115.0	57.0	86.0	154.0	192.0	10.0	31.0	53.0	112.0	5.0	314.0	109.0	8.0	22.0	25.0	128.0	67.0	150.0	80.0	235.0	47.0	60.0	201.0	95.0	57.0	286.0	0.0	20.0	122.0	66.0	16.0	154.0	403.0	114.0	11.0	29.0	4.0
k__Bacteria;p__Firmicutes;c__Clostridia;o__Clostridiales;f__Gracilibacteraceae	11.0	10.0	16.0	32.0	23.0	0.0	3.0	0.0	0.0	2.0	3.0	1.0	10.0	7.0	0.0	0.0	3.0	7.0	0.0	0.0	0.0	5.0	161.0	0.0	0.0	1.0	67.0	105.0	128.0	12.0	2.0	1.0	5.0	8.0	0.0	1.0	22.0	0.0	3.0	5.0	2.0	0.0	13.0	25.0	5.0	12.0	5.0	4.0
k__Bacteria;p__Firmicutes;c__Clostridia;o__Clostridiales;f__Incertae_Sedis_XI	0.0	0.0	0.0	0.0	0.0	0.0	0.0	0.0	0.0	0.0	0.0	0.0	0.0	0.0	0.0	0.0	0.0	0.0	0.0	0.0	0.0	0.0	0.0	0.0	0.0	0.0	0.0	0.0	0.0	0.0	0.0	0.0	0.0	0.0	0.0	0.0	0.0	0.0	0.0	0.0	0.0	0.0	0.0	1.0	0.0	0.0	1.0	0.0
k__Bacteria;p__Firmicutes;c__Clostridia;o__Clostridiales;f__Incertae_sedis	4.0	4.0	3.0	5.0	0.0	0.0	9.0	0.0	0.0	17.0	10.0	20.0	6.0	11.0	0.0	1.0	0.0	5.0	0.0	1.0	0.0	0.0	6.0	2.0	5.0	7.0	7.0	5.0	7.0	2.0	4.0	1.0	5.0	13.0	17.0	0.0	2.0	1.0	0.0	0.0	0.0	0.0	1.0	5.0	1.0	18.0	3.0	0.0
k__Bacteria;p__Firmicutes;c__Clostridia;o__Clostridiales;f__Lachnospiraceae	1375.0	937.0	2251.0	1893.0	3199.0	1375.0	4541.0	2826.0	2969.0	1860.0	2638.0	1383.0	1996.0	2463.0	3072.0	2434.0	686.0	1731.0	2190.0	2811.0	2921.0	1662.0	1125.0	4436.0	1143.0	2844.0	1669.0	1530.0	1021.0	1212.0	2148.0	803.0	2121.0	1350.0	1519.0	1733.0	2374.0	4099.0	3627.0	2105.0	3641.0	1317.0	2272.0	2039.0	1787.0	2001.0	1835.0	2036.0
k__Bacteria;p__Firmicutes;c__Clostridia;o__Clostridiales;f__Peptococcaceae_1	0.0	0.0	0.0	0.0	6.0	0.0	0.0	19.0	0.0	5.0	10.0	1.0	15.0	0.0	0.0	0.0	0.0	0.0	0.0	0.0	27.0	0.0	0.0	0.0	0.0	0.0	0.0	0.0	0.0	0.0	0.0	0.0	1.0	0.0	0.0	0.0	0.0	0.0	0.0	0.0	0.0	0.0	1.0	0.0	0.0	4.0	0.0	0.0
k__Bacteria;p__Firmicutes;c__Clostridia;o__Clostridiales;f__Peptostreptococcaceae	4.0	5.0	4.0	0.0	0.0	2.0	3.0	9.0	10.0	5.0	2.0	0.0	6.0	13.0	1.0	7.0	0.0	29.0	17.0	2.0	520.0	29.0	24.0	4.0	0.0	2.0	7.0	8.0	33.0	37.0	4.0	3.0	1.0	1.0	11.0	4.0	0.0	102.0	46.0	3.0	0.0	1.0	41.0	174.0	0.0	7.0	30.0	32.0
k__Bacteria;p__Firmicutes;c__Clostridia;o__Clostridiales;f__Ruminococcaceae	1486.0	1416.0	1654.0	1398.0	1712.0	5106.0	2365.0	1556.0	2573.0	2468.0	2353.0	2048.0	2256.0	4021.0	2155.0	1571.0	356.0	1469.0	1487.0	1707.0	1112.0	892.0	2414.0	2220.0	2304.0	2324.0	2729.0	2122.0	2801.0	1605.0	388.0	203.0	2239.0	1897.0	1219.0	332.0	1579.0	167.0	1956.0	280.0	1906.0	827.0	2673.0	1555.0	1655.0	2103.0	1898.0	1204.0
k__Bacteria;p__Firmicutes;c__Clostridia;o__Clostridiales;f__Syntrophomonadaceae	0.0	0.0	0.0	0.0	0.0	0.0	0.0	0.0	0.0	0.0	0.0	0.0	1.0	0.0	0.0	0.0	1.0	0.0	0.0	0.0	0.0	0.0	0.0	0.0	0.0	0.0	0.0	0.0	0.0	0.0	0.0	0.0	0.0	0.0	0.0	0.0	0.0	0.0	0.0	0.0	0.0	0.0	1.0	0.0	0.0	0.0	0.0	0.0
k__Bacteria;p__Firmicutes;c__Clostridia;o__Clostridiales;f__unassigned	881.0	41.0	47.0	130.0	267.0	4.0	73.0	2.0	66.0	37.0	24.0	22.0	318.0	335.0	30.0	58.0	6.0	19.0	8.0	9.0	4.0	4.0	75.0	788.0	1189.0	934.0	32.0	30.0	47.0	10.0	46.0	22.0	311.0	17.0	4.0	1.0	23.0	61.0	3.0	2.0	41.0	17.0	125.0	47.0	4.0	30.0	20.0	825.0
k__Bacteria;p__Firmicutes;c__Clostridia;o__Natranaerobiales;f__Natranaerobiaceae	0.0	0.0	0.0	0.0	0.0	0.0	0.0	0.0	0.0	0.0	0.0	0.0	0.0	0.0	0.0	0.0	0.0	0.0	0.0	0.0	0.0	0.0	1.0	0.0	0.0	0.0	1.0	0.0	0.0	1.0	0.0	0.0	0.0	0.0	0.0	0.0	0.0	0.0	0.0	0.0	0.0	0.0	0.0	0.0	0.0	0.0	0.0	0.0
k__Bacteria;p__Firmicutes;c__Clostridia;o__Thermoanaerobacterales;f__Thermoanaerobacteraceae	0.0	0.0	0.0	0.0	0.0	0.0	0.0	0.0	0.0	0.0	0.0	0.0	0.0	1.0	0.0	0.0	0.0	0.0	0.0	0.0	0.0	0.0	3.0	0.0	0.0	0.0	0.0	0.0	1.0	0.0	0.0	0.0	2.0	0.0	0.0	0.0	0.0	0.0	0.0	0.0	0.0	0.0	1.0	0.0	0.0	3.0	0.0	0.0
k__Bacteria;p__Firmicutes;c__Clostridia;o__unassigned;f__unassigned	3.0	5.0	3.0	0.0	0.0	0.0	2.0	0.0	1.0	1.0	0.0	0.0	0.0	4.0	0.0	1.0	0.0	3.0	0.0	0.0	0.0	1.0	14.0	1.0	3.0	4.0	29.0	11.0	24.0	1.0	1.0	1.0	1.0	27.0	0.0	0.0	7.0	0.0	0.0	0.0	0.0	0.0	8.0	1.0	0.0	2.0	3.0	1.0
k__Bacteria;p__Firmicutes;c__Erysipelotrichia;o__Erysipelotrichales;f__Erysipelotrichaceae	57.0	102.0	124.0	294.0	208.0	190.0	194.0	45.0	140.0	64.0	68.0	18.0	66.0	50.0	85.0	276.0	39.0	639.0	145.0	296.0	193.0	21.0	78.0	46.0	17.0	139.0	120.0	51.0	231.0	136.0	800.0	238.0	56.0	61.0	124.0	138.0	483.0	1242.0	107.0	9.0	110.0	88.0	306.0	181.0	198.0	63.0	409.0	27.0
k__Bacteria;p__Firmicutes;c__Incertae_sedis;o__Incertae_sedis;f__Incertae_sedis	2.0	0.0	0.0	4.0	0.0	0.0	0.0	0.0	0.0	1.0	0.0	0.0	0.0	2.0	0.0	0.0	1.0	0.0	0.0	0.0	0.0	0.0	3.0	0.0	0.0	0.0	9.0	1.0	8.0	0.0	0.0	0.0	0.0	1.0	0.0	0.0	4.0	0.0	0.0	0.0	0.0	0.0	1.0	0.0	0.0	0.0	0.0	0.0
k__Bacteria;p__Firmicutes;c__Negativicutes;o__Selenomonadales;f__Acidaminococcaceae	54.0	21.0	28.0	122.0	80.0	25.0	173.0	58.0	58.0	62.0	54.0	80.0	10.0	25.0	94.0	72.0	76.0	33.0	0.0	0.0	118.0	0.0	68.0	31.0	50.0	13.0	166.0	182.0	170.0	44.0	9.0	55.0	85.0	39.0	1.0	75.0	123.0	130.0	25.0	1.0	0.0	449.0	85.0	37.0	215.0	57.0	17.0	59.0
k__Bacteria;p__Firmicutes;c__Negativicutes;o__Selenomonadales;f__Veillonellaceae	0.0	0.0	53.0	1.0	14.0	160.0	0.0	138.0	25.0	0.0	1.0	7.0	181.0	69.0	62.0	56.0	0.0	109.0	59.0	212.0	16.0	118.0	2.0	2.0	1.0	69.0	0.0	0.0	1.0	3.0	0.0	1.0	10.0	0.0	216.0	13.0	0.0	3.0	18.0	127.0	66.0	4.0	3.0	101.0	0.0	110.0	103.0	0.0
k__Bacteria;p__Firmicutes;c__unassigned;o__unassigned;f__unassigned	120.0	0.0	40.0	14.0	139.0	3.0	0.0	0.0	1.0	0.0	2.0	1.0	164.0	146.0	0.0	0.0	38.0	64.0	0.0	0.0	39.0	0.0	140.0	0.0	4.0	2.0	75.0	40.0	36.0	2.0	65.0	85.0	123.0	3.0	0.0	0.0	5.0	8.0	1.0	0.0	1.0	2.0	113.0	0.0	99.0	83.0	51.0	112.0
k__Bacteria;p__Fusobacteria;c__Fusobacteria;o__Fusobacteriales;f__Fusobacteriaceae	462.0	0.0	153.0	16.0	1.0	0.0	0.0	32.0	10.0	2.0	0.0	0.0	0.0	0.0	114.0	190.0	335.0	0.0	0.0	0.0	1.0	0.0	0.0	0.0	0.0	0.0	0.0	0.0	0.0	0.0	0.0	1.0	3.0	0.0	0.0	0.0	0.0	0.0	1.0	0.0	0.0	5.0	60.0	0.0	0.0	0.0	1.0	488.0
k__Bacteria;p__Fusobacteria;c__Fusobacteria;o__Fusobacteriales;f__Leptotrichiaceae	0.0	0.0	0.0	0.0	0.0	0.0	0.0	0.0	0.0	0.0	0.0	0.0	0.0	0.0	0.0	0.0	0.0	0.0	0.0	0.0	0.0	0.0	0.0	0.0	0.0	0.0	0.0	0.0	0.0	0.0	0.0	0.0	3.0	0.0	0.0	0.0	0.0	0.0	0.0	0.0	0.0	0.0	0.0	0.0	0.0	0.0	0.0	0.0
k__Bacteria;p__Lentisphaerae;c__Lentisphaeria;o__Victivallales;f__Victivallaceae	15.0	0.0	15.0	0.0	8.0	0.0	0.0	1.0	0.0	0.0	0.0	0.0	0.0	3.0	0.0	0.0	6.0	0.0	2.0	0.0	0.0	0.0	0.0	2.0	5.0	12.0	0.0	10.0	4.0	9.0	0.0	0.0	0.0	0.0	1.0	0.0	0.0	0.0	0.0	0.0	0.0	0.0	27.0	0.0	3.0	0.0	0.0	22.0
k__Bacteria;p__Proteobacteria;c__Alphaproteobacteria;o__Kiloniellales;f__Kiloniellaceae	175.0	0.0	102.0	0.0	163.0	0.0	0.0	0.0	0.0	0.0	0.0	0.0	0.0	1.0	0.0	0.0	218.0	0.0	0.0	0.0	1.0	0.0	0.0	36.0	0.0	18.0	0.0	1.0	0.0	0.0	1.0	0.0	0.0	0.0	2.0	0.0	0.0	0.0	0.0	0.0	0.0	0.0	72.0	0.0	454.0	0.0	0.0	240.0
k__Bacteria;p__Proteobacteria;c__Alphaproteobacteria;o__Rhizobiales;f__Bradyrhizobiaceae	0.0	0.0	0.0	0.0	0.0	0.0	0.0	0.0	0.0	0.0	0.0	0.0	0.0	0.0	0.0	0.0	0.0	0.0	0.0	0.0	0.0	0.0	0.0	0.0	0.0	0.0	0.0	0.0	1.0	0.0	0.0	0.0	0.0	0.0	0.0	0.0	0.0	0.0	0.0	0.0	0.0	0.0	0.0	0.0	0.0	0.0	0.0	0.0
k__Bacteria;p__Proteobacteria;c__Alphaproteobacteria;o__Rhizobiales;f__Hyphomicrobiaceae	14.0	1.0	64.0	91.0	106.0	80.0	2.0	41.0	143.0	187.0	113.0	116.0	6.0	3.0	125.0	49.0	0.0	114.0	58.0	30.0	9.0	0.0	236.0	53.0	20.0	26.0	51.0	63.0	92.0	63.0	243.0	292.0	3.0	192.0	36.0	3.0	70.0	124.0	239.0	0.0	0.0	1.0	49.0	6.0	71.0	74.0	255.0	13.0
k__Bacteria;p__Proteobacteria;c__Alphaproteobacteria;o__Rhizobiales;f__Rhizobiaceae	0.0	0.0	0.0	0.0	0.0	0.0	0.0	0.0	0.0	0.0	0.0	0.0	0.0	0.0	0.0	0.0	0.0	0.0	0.0	0.0	0.0	0.0	1.0	0.0	0.0	0.0	0.0	0.0	0.0	0.0	0.0	0.0	0.0	0.0	0.0	0.0	0.0	0.0	0.0	0.0	0.0	0.0	0.0	0.0	0.0	0.0	0.0	0.0
k__Bacteria;p__Proteobacteria;c__Alphaproteobacteria;o__Rhodospirillales;f__Rhodospirillaceae	10.0	0.0	0.0	0.0	0.0	0.0	0.0	0.0	0.0	0.0	0.0	0.0	0.0	0.0	0.0	0.0	0.0	0.0	0.0	0.0	0.0	0.0	0.0	0.0	0.0	0.0	0.0	0.0	0.0	0.0	0.0	0.0	0.0	0.0	0.0	0.0	0.0	0.0	0.0	0.0	0.0	0.0	0.0	0.0	0.0	0.0	0.0	14.0
k__Bacteria;p__Proteobacteria;c__Alphaproteobacteria;o__unassigned;f__unassigned	0.0	0.0	3.0	0.0	0.0	0.0	0.0	0.0	0.0	0.0	0.0	0.0	0.0	0.0	0.0	0.0	0.0	0.0	0.0	0.0	0.0	0.0	0.0	28.0	0.0	45.0	0.0	0.0	0.0	0.0	0.0	0.0	0.0	0.0	0.0	0.0	0.0	0.0	0.0	0.0	0.0	161.0	36.0	0.0	169.0	0.0	0.0	0.0
k__Bacteria;p__Proteobacteria;c__Betaproteobacteria;o__Burkholderiales;f__Burkholderiales_incertae_sedis	0.0	0.0	0.0	0.0	0.0	0.0	0.0	0.0	0.0	0.0	0.0	0.0	0.0	0.0	0.0	0.0	0.0	0.0	0.0	0.0	0.0	0.0	0.0	0.0	0.0	0.0	0.0	0.0	0.0	0.0	0.0	0.0	0.0	0.0	0.0	3.0	0.0	0.0	0.0	0.0	0.0	4.0	1.0	0.0	59.0	0.0	0.0	0.0
k__Bacteria;p__Proteobacteria;c__Betaproteobacteria;o__Burkholderiales;f__Comamonadaceae	1.0	0.0	0.0	0.0	0.0	0.0	0.0	0.0	0.0	0.0	0.0	0.0	0.0	0.0	0.0	0.0	1.0	0.0	0.0	0.0	0.0	0.0	6.0	0.0	0.0	0.0	4.0	8.0	2.0	0.0	0.0	0.0	0.0	0.0	0.0	0.0	0.0	0.0	0.0	0.0	0.0	0.0	74.0	0.0	0.0	0.0	0.0	3.0
k__Bacteria;p__Proteobacteria;c__Betaproteobacteria;o__Burkholderiales;f__Oxalobacteraceae	1.0	0.0	0.0	2.0	20.0	0.0	0.0	0.0	0.0	0.0	1.0	0.0	2.0	6.0	0.0	0.0	0.0	0.0	0.0	0.0	0.0	0.0	1.0	2.0	7.0	2.0	0.0	0.0	1.0	3.0	0.0	0.0	0.0	5.0	0.0	1.0	3.0	0.0	0.0	0.0	0.0	0.0	0.0	0.0	0.0	0.0	0.0	0.0
k__Bacteria;p__Proteobacteria;c__Betaproteobacteria;o__Burkholderiales;f__Sutterellaceae	122.0	127.0	135.0	99.0	116.0	89.0	0.0	78.0	123.0	218.0	92.0	154.0	158.0	79.0	105.0	234.0	190.0	318.0	0.0	0.0	91.0	1.0	100.0	137.0	155.0	118.0	104.0	129.0	182.0	227.0	0.0	0.0	45.0	15.0	2.0	159.0	7.0	0.0	212.0	0.0	0.0	212.0	120.0	195.0	106.0	144.0	253.0	164.0
k__Bacteria;p__Proteobacteria;c__Betaproteobacteria;o__Burkholderiales;f__unassigned	0.0	0.0	0.0	0.0	0.0	0.0	0.0	0.0	0.0	0.0	1.0	0.0	0.0	0.0	0.0	0.0	0.0	0.0	134.0	34.0	0.0	0.0	4.0	0.0	0.0	0.0	2.0	0.0	0.0	0.0	0.0	1.0	0.0	0.0	28.0	0.0	0.0	0.0	0.0	0.0	1.0	1.0	0.0	0.0	0.0	0.0	0.0	0.0
k__Bacteria;p__Proteobacteria;c__Betaproteobacteria;o__Rhodocyclales;f__Rhodocyclaceae	0.0	0.0	0.0	0.0	0.0	0.0	0.0	0.0	0.0	0.0	0.0	0.0	0.0	0.0	0.0	0.0	0.0	0.0	0.0	0.0	0.0	0.0	4.0	0.0	0.0	0.0	3.0	1.0	0.0	0.0	0.0	0.0	0.0	0.0	0.0	2.0	0.0	0.0	0.0	0.0	0.0	1.0	0.0	0.0	1.0	0.0	0.0	0.0
k__Bacteria;p__Proteobacteria;c__Betaproteobacteria;o__unassigned;f__unassigned	0.0	0.0	0.0	0.0	0.0	0.0	0.0	0.0	0.0	0.0	0.0	0.0	0.0	0.0	0.0	0.0	0.0	0.0	1.0	0.0	0.0	0.0	0.0	0.0	0.0	0.0	0.0	0.0	0.0	0.0	0.0	0.0	0.0	1.0	0.0	33.0	1.0	0.0	0.0	0.0	0.0	25.0	0.0	0.0	3.0	0.0	0.0	0.0
k__Bacteria;p__Proteobacteria;c__Deltaproteobacteria;o__Bdellovibrionales;f__Bdellovibrionaceae	0.0	0.0	1.0	0.0	0.0	0.0	0.0	0.0	0.0	0.0	30.0	16.0	20.0	32.0	0.0	0.0	0.0	0.0	0.0	0.0	0.0	0.0	0.0	108.0	1.0	58.0	3.0	1.0	0.0	0.0	0.0	0.0	135.0	0.0	1.0	0.0	1.0	0.0	0.0	0.0	0.0	0.0	60.0	0.0	0.0	0.0	0.0	0.0
k__Bacteria;p__Proteobacteria;c__Deltaproteobacteria;o__Desulfovibrionales;f__Desulfovibrionaceae	31.0	45.0	57.0	47.0	129.0	0.0	5.0	0.0	31.0	0.0	0.0	1.0	37.0	45.0	38.0	75.0	40.0	50.0	0.0	0.0	9.0	119.0	59.0	3.0	35.0	25.0	247.0	212.0	115.0	208.0	32.0	77.0	14.0	126.0	1.0	91.0	124.0	46.0	0.0	161.0	0.0	100.0	126.0	58.0	72.0	99.0	52.0	66.0
k__Bacteria;p__Proteobacteria;c__Deltaproteobacteria;o__Desulfovibrionales;f__unassigned	3.0	7.0	13.0	0.0	0.0	0.0	1.0	0.0	0.0	0.0	0.0	0.0	5.0	10.0	0.0	0.0	1.0	9.0	0.0	0.0	0.0	0.0	39.0	27.0	9.0	10.0	0.0	0.0	0.0	20.0	3.0	3.0	6.0	0.0	0.0	0.0	0.0	0.0	0.0	0.0	12.0	0.0	3.0	0.0	0.0	0.0	7.0	5.0
k__Bacteria;p__Proteobacteria;c__Epsilonproteobacteria;o__Campylobacterales;f__Campylobacteraceae	0.0	0.0	0.0	0.0	0.0	0.0	0.0	0.0	0.0	0.0	0.0	0.0	0.0	0.0	0.0	0.0	0.0	0.0	0.0	0.0	0.0	0.0	0.0	0.0	0.0	0.0	0.0	0.0	0.0	1.0	0.0	0.0	1.0	0.0	0.0	0.0	0.0	0.0	0.0	0.0	0.0	0.0	0.0	0.0	0.0	0.0	0.0	0.0
k__Bacteria;p__Proteobacteria;c__Gammaproteobacteria;o__Aeromonadales;f__Aeromonadaceae	0.0	0.0	0.0	0.0	0.0	0.0	0.0	0.0	0.0	0.0	0.0	0.0	0.0	0.0	0.0	0.0	0.0	0.0	0.0	0.0	0.0	0.0	0.0	0.0	0.0	0.0	0.0	0.0	2.0	0.0	0.0	0.0	0.0	0.0	0.0	0.0	0.0	0.0	0.0	0.0	0.0	0.0	0.0	0.0	0.0	0.0	0.0	0.0
k__Bacteria;p__Proteobacteria;c__Gammaproteobacteria;o__Aeromonadales;f__Succinivibrionaceae	0.0	0.0	0.0	0.0	0.0	0.0	0.0	0.0	0.0	0.0	0.0	0.0	0.0	0.0	0.0	0.0	0.0	15.0	0.0	0.0	0.0	0.0	0.0	0.0	0.0	0.0	0.0	0.0	0.0	0.0	0.0	0.0	0.0	0.0	0.0	0.0	0.0	0.0	0.0	0.0	0.0	0.0	0.0	0.0	0.0	20.0	12.0	0.0
k__Bacteria;p__Proteobacteria;c__Gammaproteobacteria;o__Enterobacteriales;f__Enterobacteriaceae	13.0	9.0	0.0	30.0	60.0	4.0	0.0	3.0	0.0	7.0	1.0	0.0	143.0	53.0	0.0	23.0	312.0	2.0	31.0	15.0	587.0	643.0	5.0	0.0	1.0	0.0	296.0	321.0	268.0	51.0	2.0	1.0	879.0	13.0	947.0	793.0	39.0	38.0	4.0	142.0	0.0	0.0	26.0	3.0	23.0	76.0	8.0	7.0
k__Bacteria;p__Proteobacteria;c__Gammaproteobacteria;o__Pasteurellales;f__Pasteurellaceae	0.0	0.0	2.0	3.0	0.0	0.0	0.0	0.0	6.0	0.0	1.0	0.0	6.0	8.0	202.0	91.0	0.0	1.0	3.0	2.0	150.0	2.0	0.0	1.0	0.0	1.0	0.0	0.0	0.0	0.0	0.0	3.0	2.0	0.0	0.0	0.0	0.0	56.0	3.0	0.0	1.0	41.0	0.0	5.0	0.0	0.0	3.0	2.0
k__Bacteria;p__Proteobacteria;c__Gammaproteobacteria;o__Pseudomonadales;f__Moraxellaceae	0.0	0.0	0.0	0.0	0.0	0.0	0.0	0.0	0.0	0.0	0.0	0.0	0.0	0.0	0.0	0.0	0.0	0.0	0.0	0.0	0.0	0.0	0.0	0.0	0.0	0.0	0.0	8.0	4.0	0.0	0.0	0.0	0.0	0.0	0.0	3.0	0.0	0.0	0.0	0.0	0.0	0.0	0.0	0.0	0.0	0.0	0.0	0.0
k__Bacteria;p__Proteobacteria;c__Gammaproteobacteria;o__Pseudomonadales;f__Pseudomonadaceae	0.0	0.0	0.0	8.0	0.0	0.0	0.0	0.0	0.0	0.0	0.0	0.0	11.0	0.0	0.0	0.0	0.0	0.0	0.0	0.0	0.0	0.0	0.0	0.0	0.0	0.0	0.0	0.0	5.0	0.0	0.0	0.0	0.0	2.0	0.0	1.0	2.0	0.0	0.0	0.0	0.0	0.0	21.0	0.0	0.0	0.0	0.0	0.0
k__Bacteria;p__Proteobacteria;c__Gammaproteobacteria;o__Xanthomonadales;f__Xanthomonadaceae	0.0	0.0	0.0	0.0	0.0	0.0	0.0	0.0	0.0	0.0	0.0	0.0	0.0	0.0	0.0	0.0	0.0	0.0	0.0	0.0	0.0	0.0	0.0	0.0	0.0	0.0	1.0	0.0	0.0	0.0	0.0	0.0	0.0	0.0	0.0	0.0	0.0	0.0	0.0	0.0	0.0	0.0	0.0	0.0	0.0	0.0	0.0	0.0
k__Bacteria;p__Proteobacteria;c__unassigned;o__unassigned;f__unassigned	1.0	0.0	0.0	0.0	0.0	0.0	0.0	0.0	17.0	0.0	0.0	0.0	43.0	154.0	32.0	53.0	0.0	0.0	0.0	1.0	0.0	0.0	1.0	4.0	0.0	0.0	0.0	0.0	0.0	0.0	1.0	1.0	0.0	0.0	0.0	0.0	0.0	0.0	0.0	0.0	0.0	0.0	0.0	0.0	0.0	0.0	0.0	0.0
k__Bacteria;p__Synergistetes;c__Synergistia;o__Synergistales;f__Synergistaceae	1.0	9.0	3.0	0.0	0.0	0.0	1.0	0.0	0.0	0.0	0.0	0.0	9.0	0.0	0.0	0.0	0.0	0.0	0.0	1.0	0.0	0.0	0.0	0.0	0.0	0.0	3.0	1.0	28.0	2.0	0.0	0.0	2.0	20.0	0.0	1.0	2.0	0.0	0.0	0.0	0.0	0.0	55.0	0.0	0.0	0.0	0.0	0.0
k__Bacteria;p__Tenericutes;c__Mollicutes;o__Entomoplasmatales;f__Spiroplasmataceae	0.0	0.0	0.0	0.0	0.0	0.0	0.0	0.0	0.0	0.0	0.0	0.0	1.0	1.0	0.0	0.0	0.0	0.0	0.0	0.0	0.0	0.0	523.0	17.0	19.0	21.0	0.0	0.0	0.0	0.0	0.0	0.0	0.0	0.0	0.0	0.0	0.0	0.0	0.0	0.0	0.0	0.0	46.0	0.0	0.0	0.0	0.0	0.0
k__Bacteria;p__Verrucomicrobia;c__Opitutae;o__Puniceicoccales;f__Puniceicoccaceae	5.0	0.0	0.0	0.0	0.0	0.0	0.0	0.0	0.0	0.0	0.0	0.0	17.0	14.0	0.0	0.0	4.0	0.0	0.0	0.0	0.0	0.0	23.0	0.0	0.0	0.0	0.0	0.0	0.0	0.0	0.0	0.0	22.0	8.0	0.0	0.0	1.0	0.0	0.0	0.0	1.0	0.0	0.0	0.0	0.0	0.0	0.0	2.0
k__Bacteria;p__Verrucomicrobia;c__Verrucomicrobiae;o__Verrucomicrobiales;f__Verrucomicrobiaceae	39.0	0.0	283.0	83.0	505.0	2.0	62.0	206.0	154.0	0.0	4.0	721.0	812.0	359.0	118.0	179.0	83.0	351.0	0.0	1.0	3.0	0.0	334.0	7.0	132.0	32.0	267.0	540.0	703.0	0.0	0.0	1.0	82.0	44.0	0.0	23.0	139.0	0.0	1.0	1.0	115.0	23.0	125.0	1488.0	132.0	9.0	235.0	105.0
k__Bacteria;p__unassigned;c__unassigned;o__unassigned;f__unassigned	184.0	59.0	121.0	622.0	84.0	504.0	17.0	4.0	67.0	18.0	13.0	5.0	126.0	249.0	56.0	32.0	1.0	456.0	18.0	98.0	10.0	19.0	225.0	174.0	122.0	176.0	54.0	44.0	77.0	207.0	27.0	3.0	127.0	272.0	27.0	4.0	141.0	10.0	15.0	4.0	97.0	5.0	92.0	392.0	42.0	12.0	501.0	141.0
