Taxon	SRR6000872	SRR6000875	SRR6000876	SRR6000879	SRR6000880	SRR6000881	SRR6000882	SRR6000883	SRR6000884	SRR6000885	SRR6000886	SRR6000887	SRR6000888	SRR6000889	SRR6000897	SRR6000898	SRR6000904	SRR6000913	SRR6000914	SRR6000915	SRR6000916	SRR6000917	SRR6000918	SRR6000919	SRR6000922	SRR6000923	SRR6000924	SRR6000925	SRR6000926	SRR6000927	SRR6000928	SRR6000929	SRR6000930	SRR6000933	SRR6000934	SRR6000935	SRR6000936	SRR6000937	SRR6000938	SRR6000939	SRR6000941	SRR6000948
k__Archaea;p__Euryarchaeota;c__Methanobacteria;o__Methanobacteriales	19.0	0.0	0.0	1.0	0.0	0.0	12.0	0.0	0.0	0.0	0.0	0.0	0.0	63.0	0.0	18.0	0.0	0.0	40.0	0.0	0.0	3.0	0.0	0.0	0.0	0.0	0.0	184.0	0.0	0.0	0.0	0.0	0.0	0.0	0.0	0.0	0.0	0.0	0.0	0.0	0.0	0.0
k__Bacteria;p__Acidobacteria;c__Holophagae;o__Acanthopleuribacterales	0.0	0.0	0.0	0.0	0.0	1.0	0.0	0.0	0.0	0.0	0.0	0.0	0.0	0.0	0.0	0.0	0.0	0.0	0.0	0.0	0.0	0.0	0.0	0.0	0.0	0.0	0.0	0.0	0.0	0.0	0.0	0.0	0.0	0.0	0.0	0.0	0.0	0.0	0.0	0.0	0.0	0.0
k__Bacteria;p__Actinobacteria;c__Actinobacteria;o__Actinomycetales	8.0	1.0	0.0	0.0	0.0	1.0	2.0	0.0	0.0	5.0	7.0	0.0	3.0	0.0	0.0	1.0	12.0	3.0	0.0	0.0	1.0	0.0	1.0	16.0	1.0	20.0	3.0	4.0	0.0	15.0	5.0	0.0	7.0	2.0	0.0	0.0	2.0	2.0	28.0	3.0	7.0	13.0
k__Bacteria;p__Actinobacteria;c__Actinobacteria;o__Bifidobacteriales	35.0	0.0	17.0	0.0	29.0	62.0	1.0	29.0	191.0	24.0	170.0	2.0	0.0	9.0	3.0	1.0	0.0	47.0	2.0	0.0	4.0	5.0	1.0	1715.0	10.0	3.0	99.0	142.0	52.0	6.0	105.0	1.0	2.0	56.0	1.0	36.0	0.0	0.0	8.0	203.0	70.0	4.0
k__Bacteria;p__Actinobacteria;c__Actinobacteria;o__Coriobacteriales	50.0	14.0	20.0	7.0	6.0	52.0	52.0	22.0	83.0	16.0	43.0	15.0	2.0	48.0	30.0	104.0	22.0	18.0	27.0	12.0	12.0	28.0	11.0	735.0	3.0	2.0	16.0	142.0	11.0	5.0	10.0	0.0	202.0	13.0	1.0	17.0	1.0	14.0	29.0	102.0	109.0	90.0
k__Bacteria;p__Actinobacteria;c__Actinobacteria;o__Rubrobacterales	0.0	0.0	0.0	0.0	0.0	0.0	0.0	0.0	0.0	0.0	0.0	0.0	0.0	0.0	0.0	0.0	0.0	0.0	0.0	0.0	0.0	0.0	0.0	0.0	0.0	0.0	0.0	0.0	0.0	0.0	1.0	0.0	0.0	0.0	0.0	0.0	0.0	0.0	0.0	0.0	0.0	0.0
k__Bacteria;p__Bacteroidetes;c__Bacteroidia;o__Bacteroidales	4357.0	6205.0	7335.0	5854.0	7109.0	3703.0	5931.0	5490.0	4969.0	2613.0	4616.0	5609.0	7389.0	2565.0	6092.0	3804.0	5196.0	5994.0	3499.0	6337.0	6252.0	5791.0	6256.0	1115.0	5848.0	8271.0	3601.0	2479.0	4272.0	6172.0	101.0	6576.0	3217.0	5719.0	6727.0	5998.0	8663.0	3595.0	4828.0	4597.0	5648.0	3253.0
k__Bacteria;p__Bacteroidetes;c__Flavobacteria;o__Flavobacteriales	0.0	0.0	0.0	0.0	0.0	0.0	0.0	0.0	0.0	0.0	0.0	0.0	0.0	0.0	0.0	0.0	0.0	0.0	0.0	0.0	0.0	0.0	0.0	0.0	0.0	0.0	0.0	0.0	0.0	0.0	0.0	0.0	0.0	0.0	0.0	0.0	0.0	0.0	0.0	1.0	0.0	0.0
k__Bacteria;p__Bacteroidetes;c__Sphingobacteria;o__Sphingobacteriales	0.0	1.0	0.0	0.0	0.0	10.0	0.0	0.0	0.0	0.0	1.0	0.0	0.0	0.0	185.0	0.0	0.0	0.0	15.0	9.0	0.0	0.0	0.0	0.0	1.0	0.0	0.0	12.0	0.0	0.0	4.0	0.0	0.0	0.0	1.0	0.0	0.0	0.0	0.0	0.0	0.0	0.0
k__Bacteria;p__Bacteroidetes;c__unassigned;o__unassigned	0.0	0.0	0.0	0.0	0.0	0.0	1.0	0.0	0.0	1.0	0.0	0.0	0.0	0.0	9.0	0.0	2.0	1.0	2.0	0.0	1.0	0.0	0.0	0.0	1.0	1.0	0.0	0.0	0.0	0.0	0.0	2.0	24.0	0.0	0.0	0.0	1.0	0.0	5.0	0.0	1.0	0.0
k__Bacteria;p__Deferribacteres;c__Deferribacteres;o__Deferribacterales	0.0	0.0	0.0	0.0	0.0	0.0	0.0	0.0	0.0	0.0	0.0	0.0	0.0	0.0	0.0	0.0	0.0	0.0	0.0	0.0	1.0	0.0	0.0	0.0	0.0	0.0	0.0	0.0	0.0	0.0	0.0	0.0	0.0	0.0	0.0	0.0	0.0	1.0	0.0	0.0	0.0	0.0
k__Bacteria;p__Firmicutes;c__Bacilli;o__Bacillales	2.0	0.0	0.0	0.0	0.0	0.0	0.0	0.0	1.0	25.0	0.0	1.0	0.0	7.0	7.0	1.0	0.0	1.0	33.0	3.0	0.0	1.0	8.0	0.0	70.0	3.0	3.0	145.0	1.0	0.0	12.0	0.0	0.0	1.0	0.0	0.0	0.0	113.0	7.0	0.0	41.0	1.0
k__Bacteria;p__Firmicutes;c__Bacilli;o__Lactobacillales	8.0	3.0	5.0	8.0	20.0	62.0	166.0	64.0	8.0	19.0	3.0	67.0	25.0	820.0	1.0	6.0	5.0	69.0	5.0	2.0	7.0	24.0	41.0	253.0	20.0	3.0	5.0	2271.0	8.0	48.0	25.0	18.0	319.0	213.0	0.0	13.0	4.0	218.0	370.0	96.0	218.0	26.0
k__Bacteria;p__Firmicutes;c__Clostridia;o__Clostridiales	2856.0	3023.0	2138.0	3484.0	2311.0	4014.0	3147.0	3418.0	1783.0	6380.0	3614.0	3559.0	2050.0	5008.0	2964.0	4541.0	4097.0	2423.0	4594.0	2860.0	1989.0	3279.0	2724.0	4565.0	3355.0	839.0	5262.0	2525.0	4660.0	2906.0	1928.0	1517.0	4973.0	2089.0	1414.0	2925.0	929.0	4920.0	2958.0	3656.0	2819.0	5353.0
k__Bacteria;p__Firmicutes;c__Clostridia;o__Halanaerobiales	0.0	0.0	0.0	0.0	0.0	0.0	0.0	0.0	0.0	0.0	1.0	0.0	0.0	0.0	0.0	0.0	0.0	0.0	0.0	0.0	0.0	0.0	0.0	0.0	0.0	0.0	0.0	0.0	0.0	0.0	0.0	0.0	0.0	0.0	0.0	0.0	0.0	0.0	0.0	0.0	0.0	0.0
k__Bacteria;p__Firmicutes;c__Clostridia;o__unassigned	0.0	0.0	0.0	0.0	0.0	0.0	0.0	0.0	0.0	0.0	0.0	0.0	0.0	0.0	0.0	29.0	0.0	0.0	0.0	0.0	0.0	1.0	0.0	0.0	3.0	0.0	0.0	0.0	1.0	0.0	0.0	0.0	1.0	0.0	0.0	0.0	0.0	0.0	1.0	0.0	1.0	0.0
k__Bacteria;p__Firmicutes;c__Erysipelotrichia;o__Erysipelotrichales	102.0	491.0	54.0	298.0	108.0	501.0	98.0	108.0	25.0	32.0	237.0	133.0	27.0	200.0	74.0	62.0	128.0	149.0	247.0	112.0	93.0	469.0	664.0	347.0	127.0	98.0	5.0	31.0	96.0	60.0	37.0	51.0	346.0	78.0	181.0	201.0	85.0	71.0	64.0	300.0	294.0	569.0
k__Bacteria;p__Firmicutes;c__Incertae_sedis;o__Incertae_sedis	0.0	0.0	0.0	0.0	0.0	0.0	3.0	0.0	0.0	1.0	0.0	0.0	0.0	0.0	0.0	4.0	1.0	0.0	2.0	0.0	0.0	2.0	0.0	0.0	2.0	0.0	0.0	2.0	1.0	0.0	0.0	0.0	0.0	0.0	0.0	0.0	0.0	3.0	0.0	0.0	3.0	0.0
k__Bacteria;p__Firmicutes;c__Negativicutes;o__Selenomonadales	1215.0	39.0	98.0	49.0	308.0	380.0	78.0	221.0	42.0	34.0	215.0	297.0	41.0	455.0	92.0	167.0	177.0	188.0	102.0	86.0	92.0	84.0	1.0	319.0	37.0	447.0	642.0	91.0	185.0	83.0	2761.0	112.0	6.0	132.0	94.0	48.0	86.0	48.0	228.0	634.0	93.0	106.0
k__Bacteria;p__Firmicutes;c__unassigned;o__unassigned	33.0	0.0	0.0	1.0	0.0	22.0	0.0	1.0	1.0	110.0	4.0	25.0	14.0	92.0	16.0	0.0	1.0	1.0	27.0	26.0	3.0	97.0	34.0	0.0	32.0	0.0	6.0	10.0	47.0	1.0	4.0	1.0	2.0	10.0	0.0	17.0	0.0	46.0	43.0	0.0	7.0	30.0
k__Bacteria;p__Fusobacteria;c__Fusobacteria;o__Fusobacteriales	0.0	0.0	0.0	0.0	3.0	14.0	0.0	0.0	0.0	0.0	0.0	0.0	6.0	0.0	7.0	0.0	0.0	0.0	0.0	0.0	21.0	0.0	1.0	0.0	1.0	0.0	0.0	1.0	0.0	0.0	3.0	0.0	9.0	0.0	0.0	0.0	1.0	2.0	9.0	1.0	0.0	1.0
k__Bacteria;p__Incertae_sedis;c__Incertae_sedis;o__Incertae_sedis	0.0	0.0	0.0	0.0	0.0	0.0	0.0	0.0	0.0	1.0	0.0	0.0	0.0	0.0	0.0	0.0	0.0	0.0	0.0	0.0	0.0	0.0	0.0	0.0	0.0	0.0	0.0	0.0	0.0	0.0	0.0	0.0	0.0	0.0	0.0	0.0	0.0	0.0	0.0	0.0	0.0	0.0
k__Bacteria;p__Lentisphaerae;c__Lentisphaeria;o__Victivallales	13.0	0.0	0.0	0.0	0.0	6.0	0.0	0.0	0.0	0.0	0.0	0.0	0.0	0.0	0.0	12.0	0.0	0.0	0.0	5.0	0.0	0.0	0.0	0.0	0.0	0.0	0.0	0.0	0.0	6.0	0.0	0.0	0.0	0.0	7.0	0.0	0.0	0.0	0.0	0.0	0.0	0.0
k__Bacteria;p__Proteobacteria;c__Alphaproteobacteria;o__Kiloniellales	24.0	0.0	0.0	0.0	0.0	27.0	0.0	242.0	0.0	1.0	164.0	0.0	116.0	0.0	0.0	0.0	0.0	0.0	0.0	0.0	0.0	0.0	21.0	0.0	0.0	74.0	0.0	0.0	0.0	231.0	0.0	0.0	23.0	0.0	32.0	0.0	0.0	0.0	2.0	0.0	153.0	0.0
k__Bacteria;p__Proteobacteria;c__Alphaproteobacteria;o__Rhizobiales	84.0	0.0	0.0	0.0	0.0	63.0	0.0	42.0	28.0	75.0	10.0	16.0	0.0	5.0	65.0	16.0	75.0	203.0	0.0	313.0	7.0	61.0	3.0	284.0	46.0	2.0	141.0	1.0	0.0	0.0	1.0	0.0	0.0	0.0	0.0	137.0	62.0	111.0	1.0	0.0	137.0	0.0
k__Bacteria;p__Proteobacteria;c__Alphaproteobacteria;o__Rhodospirillales	0.0	0.0	0.0	0.0	0.0	0.0	0.0	0.0	0.0	0.0	0.0	0.0	0.0	0.0	0.0	0.0	0.0	0.0	0.0	0.0	0.0	0.0	0.0	0.0	0.0	0.0	0.0	0.0	1.0	0.0	0.0	0.0	0.0	0.0	0.0	0.0	0.0	0.0	0.0	0.0	0.0	0.0
k__Bacteria;p__Proteobacteria;c__Alphaproteobacteria;o__Sphingomonadales	0.0	0.0	0.0	0.0	0.0	0.0	0.0	0.0	0.0	0.0	0.0	0.0	0.0	0.0	0.0	0.0	0.0	0.0	0.0	0.0	0.0	0.0	0.0	0.0	0.0	0.0	1.0	0.0	0.0	0.0	0.0	0.0	0.0	0.0	0.0	0.0	0.0	0.0	0.0	0.0	1.0	0.0
k__Bacteria;p__Proteobacteria;c__Alphaproteobacteria;o__unassigned	56.0	0.0	0.0	0.0	0.0	0.0	0.0	0.0	0.0	64.0	1.0	0.0	0.0	0.0	0.0	0.0	5.0	73.0	224.0	0.0	0.0	0.0	0.0	0.0	0.0	0.0	0.0	1.0	0.0	0.0	0.0	0.0	0.0	0.0	0.0	0.0	0.0	16.0	0.0	0.0	0.0	0.0
k__Bacteria;p__Proteobacteria;c__Betaproteobacteria;o__Burkholderiales	85.0	45.0	171.0	114.0	0.0	29.0	225.0	207.0	353.0	42.0	308.0	49.0	0.0	14.0	194.0	177.0	181.0	9.0	59.0	0.0	34.0	2.0	143.0	0.0	110.0	217.0	2.0	2.0	181.0	206.0	31.0	782.0	0.0	85.0	228.0	85.0	159.0	36.0	0.0	15.0	59.0	31.0
k__Bacteria;p__Proteobacteria;c__Betaproteobacteria;o__Hydrogenophilales	0.0	0.0	0.0	0.0	0.0	0.0	0.0	0.0	0.0	0.0	0.0	0.0	0.0	0.0	0.0	0.0	0.0	1.0	0.0	0.0	0.0	0.0	0.0	0.0	0.0	0.0	0.0	0.0	0.0	0.0	0.0	0.0	0.0	0.0	0.0	0.0	0.0	0.0	0.0	0.0	0.0	0.0
k__Bacteria;p__Proteobacteria;c__Betaproteobacteria;o__Neisseriales	0.0	1.0	0.0	0.0	0.0	0.0	0.0	0.0	0.0	0.0	0.0	0.0	0.0	0.0	2.0	0.0	0.0	0.0	0.0	0.0	0.0	0.0	0.0	0.0	0.0	0.0	0.0	0.0	0.0	0.0	3.0	0.0	0.0	0.0	0.0	1.0	0.0	0.0	0.0	2.0	0.0	0.0
k__Bacteria;p__Proteobacteria;c__Betaproteobacteria;o__Rhodocyclales	0.0	0.0	0.0	0.0	0.0	0.0	0.0	0.0	0.0	0.0	0.0	0.0	0.0	0.0	0.0	0.0	0.0	0.0	0.0	0.0	0.0	0.0	0.0	0.0	1.0	0.0	0.0	0.0	0.0	0.0	0.0	0.0	0.0	0.0	0.0	0.0	0.0	0.0	0.0	0.0	0.0	0.0
k__Bacteria;p__Proteobacteria;c__Deltaproteobacteria;o__Bdellovibrionales	10.0	0.0	0.0	0.0	0.0	0.0	0.0	0.0	0.0	16.0	0.0	0.0	0.0	0.0	1.0	16.0	42.0	0.0	0.0	15.0	0.0	0.0	5.0	0.0	8.0	17.0	0.0	0.0	0.0	0.0	0.0	0.0	0.0	0.0	0.0	0.0	0.0	8.0	0.0	0.0	9.0	0.0
k__Bacteria;p__Proteobacteria;c__Deltaproteobacteria;o__Desulfovibrionales	153.0	9.0	150.0	0.0	0.0	55.0	4.0	39.0	142.0	3.0	41.0	1.0	39.0	529.0	48.0	293.0	22.0	221.0	69.0	19.0	0.0	42.0	72.0	0.0	9.0	0.0	81.0	125.0	40.0	38.0	4.0	54.0	245.0	25.0	10.0	0.0	0.0	5.0	101.0	89.0	50.0	44.0
k__Bacteria;p__Proteobacteria;c__Epsilonproteobacteria;o__Campylobacterales	0.0	0.0	0.0	0.0	7.0	1.0	0.0	0.0	0.0	0.0	0.0	0.0	1.0	0.0	2.0	1.0	0.0	0.0	0.0	0.0	0.0	0.0	0.0	0.0	0.0	0.0	0.0	0.0	0.0	0.0	0.0	0.0	0.0	0.0	0.0	0.0	0.0	0.0	0.0	0.0	0.0	0.0
k__Bacteria;p__Proteobacteria;c__Gammaproteobacteria;o__Aeromonadales	0.0	0.0	0.0	0.0	0.0	15.0	0.0	0.0	0.0	0.0	0.0	0.0	0.0	0.0	0.0	0.0	0.0	0.0	0.0	0.0	6.0	0.0	0.0	0.0	0.0	0.0	0.0	0.0	0.0	0.0	0.0	0.0	0.0	0.0	0.0	0.0	0.0	0.0	0.0	0.0	0.0	0.0
k__Bacteria;p__Proteobacteria;c__Gammaproteobacteria;o__Alteromonadales	0.0	0.0	0.0	0.0	0.0	0.0	0.0	0.0	0.0	0.0	0.0	0.0	0.0	0.0	0.0	0.0	0.0	0.0	0.0	0.0	0.0	0.0	0.0	0.0	0.0	0.0	0.0	0.0	0.0	0.0	2.0	0.0	0.0	0.0	0.0	0.0	0.0	0.0	1.0	0.0	0.0	0.0
k__Bacteria;p__Proteobacteria;c__Gammaproteobacteria;o__Cardiobacteriales	0.0	0.0	0.0	0.0	0.0	0.0	0.0	0.0	0.0	0.0	0.0	0.0	0.0	0.0	0.0	0.0	0.0	0.0	0.0	0.0	0.0	0.0	0.0	0.0	0.0	0.0	0.0	0.0	0.0	0.0	0.0	0.0	0.0	0.0	0.0	0.0	0.0	0.0	3.0	0.0	0.0	0.0
k__Bacteria;p__Proteobacteria;c__Gammaproteobacteria;o__Enterobacteriales	0.0	13.0	7.0	131.0	39.0	851.0	7.0	2.0	663.0	1.0	6.0	0.0	0.0	17.0	176.0	0.0	3.0	431.0	10.0	27.0	1196.0	1.0	0.0	648.0	163.0	0.0	33.0	54.0	3.0	88.0	1103.0	883.0	291.0	1492.0	3.0	495.0	1.0	312.0	1001.0	118.0	24.0	11.0
k__Bacteria;p__Proteobacteria;c__Gammaproteobacteria;o__Gammaproteobacteria_incertae_sedis	0.0	0.0	0.0	0.0	0.0	0.0	0.0	0.0	0.0	0.0	0.0	0.0	0.0	0.0	0.0	0.0	0.0	0.0	0.0	0.0	0.0	0.0	0.0	0.0	0.0	0.0	0.0	0.0	0.0	0.0	0.0	0.0	2.0	0.0	0.0	0.0	0.0	0.0	0.0	0.0	0.0	0.0
k__Bacteria;p__Proteobacteria;c__Gammaproteobacteria;o__Oceanospirillales	0.0	0.0	0.0	0.0	0.0	0.0	0.0	0.0	0.0	0.0	0.0	0.0	0.0	0.0	0.0	0.0	0.0	0.0	0.0	0.0	0.0	0.0	0.0	0.0	0.0	1.0	0.0	0.0	0.0	0.0	1.0	0.0	0.0	0.0	0.0	0.0	0.0	0.0	0.0	1.0	0.0	0.0
k__Bacteria;p__Proteobacteria;c__Gammaproteobacteria;o__Pasteurellales	1.0	0.0	1.0	19.0	24.0	22.0	0.0	37.0	1.0	0.0	3.0	0.0	0.0	0.0	7.0	0.0	1.0	1.0	0.0	0.0	0.0	0.0	0.0	1.0	2.0	0.0	0.0	2.0	2.0	12.0	3.0	0.0	0.0	14.0	0.0	0.0	0.0	38.0	14.0	2.0	0.0	1.0
k__Bacteria;p__Proteobacteria;c__Gammaproteobacteria;o__Pseudomonadales	0.0	2.0	2.0	5.0	2.0	0.0	0.0	0.0	0.0	2.0	0.0	0.0	1.0	0.0	0.0	0.0	1.0	0.0	0.0	0.0	0.0	0.0	0.0	0.0	0.0	0.0	1.0	0.0	0.0	0.0	2.0	0.0	0.0	0.0	0.0	0.0	0.0	0.0	0.0	2.0	0.0	1.0
k__Bacteria;p__Proteobacteria;c__Gammaproteobacteria;o__Xanthomonadales	0.0	0.0	0.0	0.0	0.0	0.0	0.0	0.0	0.0	0.0	0.0	0.0	0.0	1.0	0.0	0.0	0.0	0.0	0.0	0.0	0.0	0.0	0.0	0.0	0.0	0.0	0.0	0.0	0.0	0.0	0.0	0.0	0.0	0.0	0.0	0.0	0.0	0.0	0.0	0.0	0.0	0.0
k__Bacteria;p__Proteobacteria;c__unassigned;o__unassigned	0.0	0.0	0.0	0.0	0.0	0.0	0.0	0.0	0.0	0.0	0.0	0.0	0.0	0.0	0.0	0.0	0.0	0.0	0.0	0.0	0.0	0.0	0.0	0.0	0.0	0.0	0.0	0.0	1.0	0.0	0.0	0.0	0.0	0.0	0.0	0.0	0.0	0.0	0.0	0.0	0.0	0.0
k__Bacteria;p__Synergistetes;c__Synergistia;o__Synergistales	16.0	0.0	1.0	0.0	0.0	0.0	11.0	0.0	0.0	4.0	0.0	0.0	0.0	0.0	0.0	8.0	0.0	0.0	0.0	0.0	0.0	0.0	0.0	0.0	0.0	0.0	0.0	386.0	0.0	0.0	0.0	0.0	268.0	0.0	0.0	0.0	0.0	1.0	0.0	0.0	7.0	0.0
k__Bacteria;p__Tenericutes;c__Mollicutes;o__Anaeroplasmatales	0.0	0.0	0.0	0.0	0.0	0.0	0.0	0.0	0.0	0.0	0.0	0.0	0.0	0.0	0.0	0.0	0.0	0.0	0.0	0.0	0.0	0.0	0.0	0.0	0.0	0.0	0.0	0.0	0.0	0.0	0.0	0.0	0.0	0.0	0.0	0.0	0.0	74.0	0.0	0.0	0.0	0.0
k__Bacteria;p__Tenericutes;c__Mollicutes;o__Entomoplasmatales	0.0	1.0	0.0	0.0	0.0	34.0	1.0	0.0	1.0	0.0	0.0	0.0	1.0	1.0	1.0	0.0	1.0	0.0	0.0	0.0	0.0	1.0	0.0	0.0	1.0	0.0	0.0	0.0	0.0	0.0	0.0	0.0	0.0	1.0	1.0	0.0	0.0	0.0	0.0	0.0	1.0	0.0
k__Bacteria;p__Tenericutes;c__Mollicutes;o__Mycoplasmatales	0.0	0.0	0.0	0.0	0.0	0.0	0.0	0.0	0.0	0.0	1.0	0.0	0.0	0.0	0.0	0.0	0.0	0.0	0.0	0.0	0.0	0.0	0.0	0.0	0.0	0.0	0.0	0.0	0.0	0.0	0.0	0.0	0.0	0.0	0.0	0.0	0.0	0.0	0.0	0.0	0.0	0.0
k__Bacteria;p__Verrucomicrobia;c__Spartobacteria;o__Incertae_sedis	0.0	0.0	0.0	0.0	0.0	0.0	0.0	0.0	0.0	0.0	0.0	0.0	0.0	0.0	0.0	0.0	0.0	0.0	0.0	0.0	0.0	0.0	0.0	0.0	0.0	0.0	0.0	0.0	0.0	0.0	1.0	0.0	0.0	0.0	0.0	0.0	0.0	0.0	0.0	0.0	0.0	0.0
k__Bacteria;p__Verrucomicrobia;c__Verrucomicrobiae;o__Verrucomicrobiales	588.0	149.0	1.0	1.0	1.0	1.0	256.0	0.0	1671.0	286.0	547.0	1.0	279.0	155.0	5.0	632.0	4.0	69.0	992.0	169.0	1.0	106.0	4.0	0.0	128.0	1.0	8.0	1247.0	115.0	1.0	3836.0	3.0	0.0	2.0	1297.0	7.0	3.0	158.0	258.0	26.0	246.0	462.0
k__Bacteria;p__Verrucomicrobia;c__unassigned;o__unassigned	0.0	0.0	0.0	0.0	0.0	0.0	0.0	0.0	0.0	0.0	0.0	0.0	0.0	0.0	0.0	0.0	0.0	0.0	0.0	0.0	0.0	0.0	0.0	0.0	0.0	0.0	0.0	0.0	0.0	0.0	1.0	0.0	0.0	0.0	0.0	0.0	0.0	0.0	0.0	0.0	0.0	0.0
k__Bacteria;p__unassigned;c__unassigned;o__unassigned	285.0	3.0	0.0	28.0	33.0	74.0	5.0	78.0	38.0	245.0	8.0	225.0	6.0	11.0	19.0	107.0	24.0	98.0	51.0	5.0	280.0	3.0	10.0	2.0	21.0	1.0	91.0	143.0	323.0	122.0	16.0	0.0	63.0	68.0	3.0	20.0	3.0	208.0	41.0	152.0	2.0	4.0
