Taxon	S27499.01	S27499.02	S27499.03	S27499.04	S27499.05	S27499.06	S27499.07	S27499.08	S27499.09	S27499.10	S27499.11	S27499.12	S27499.13	S27499.14	S27499.15	S27499.16	S27499.17	S27499.18	S27499.19	S27499.20	S27499.21	S27499.22	S27499.23	S27499.24	S27499.25	S27499.26	S27499.27	S27499.28	S27499.29	S27499.30	S27499.31	S27499.32	S27499.33	S27499.34	S27499.35	S27499.36	S27499.37	S27499.38	S27499.39	S27499.40	S27499.41	S28297.01	S28297.02	S28297.03	S28297.04	S28297.05	S28297.06	S28297.07	S28297.08	S28297.09	S28297.10	S28297.11	S29419.01	S29419.02	S29419.03	S29419.04	S29419.05	S29419.06	S29419.07	S29419.08	S29419.09	S29419.10	S29419.11	S30119.01	S30119.02	S30119.03	S30119.04	S30119.05	S30119.06	S30119.07
k__Archaea;p__Euryarchaeota;c__Methanobacteria;o__Methanobacteriales;f__Methanobacteriaceae	0.0	0.0	0.0	0.0	3.0	0.0	0.0	0.0	4.0	0.0	0.0	0.0	2.0	4.0	191.0	43.0	89.0	2.0	0.0	3.0	81.0	2.0	0.0	83.0	43.0	0.0	0.0	0.0	0.0	0.0	0.0	0.0	1.0	0.0	109.0	0.0	33.0	0.0	1.0	44.0	0.0	2.0	0.0	0.0	0.0	211.0	0.0	0.0	3.0	0.0	0.0	0.0	0.0	0.0	0.0	42.0	0.0	0.0	1.0	0.0	0.0	0.0	0.0	0.0	0.0	0.0	0.0	0.0	0.0	0.0
k__Archaea;p__Euryarchaeota;c__Thermoplasmata;o__Thermoplasmatales;f__Thermoplasmatales_incertae_sedis	0.0	0.0	0.0	0.0	0.0	0.0	0.0	0.0	0.0	0.0	0.0	0.0	0.0	0.0	48.0	0.0	0.0	0.0	0.0	0.0	51.0	0.0	0.0	0.0	33.0	0.0	0.0	0.0	0.0	0.0	0.0	0.0	0.0	0.0	0.0	0.0	0.0	0.0	0.0	0.0	0.0	2.0	0.0	0.0	0.0	13.0	0.0	0.0	0.0	0.0	0.0	0.0	0.0	0.0	0.0	0.0	0.0	0.0	0.0	0.0	0.0	0.0	0.0	0.0	0.0	0.0	6.0	0.0	0.0	0.0
k__Bacteria;p__Actinobacteria;c__Actinobacteria;o__Actinomycetales;f__Actinomycetaceae	3.0	26.0	5.0	7.0	1.0	1.0	1.0	2.0	8.0	3.0	4.0	17.0	1.0	11.0	1.0	0.0	6.0	0.0	4.0	4.0	1.0	0.0	6.0	3.0	5.0	28.0	6.0	3.0	16.0	8.0	1.0	10.0	9.0	10.0	5.0	17.0	1.0	1.0	6.0	3.0	4.0	0.0	11.0	1.0	1.0	1.0	2.0	13.0	11.0	3.0	2.0	1.0	0.0	11.0	1.0	1.0	1.0	5.0	2.0	2.0	0.0	2.0	1.0	4.0	0.0	24.0	7.0	1.0	6.0	7.0
k__Bacteria;p__Actinobacteria;c__Actinobacteria;o__Actinomycetales;f__Cellulomonadaceae	0.0	0.0	0.0	0.0	0.0	0.0	0.0	0.0	0.0	0.0	0.0	0.0	0.0	0.0	0.0	0.0	0.0	0.0	2.0	0.0	0.0	0.0	0.0	0.0	0.0	0.0	0.0	0.0	0.0	0.0	0.0	0.0	0.0	0.0	0.0	0.0	0.0	0.0	0.0	0.0	0.0	0.0	0.0	0.0	0.0	0.0	0.0	0.0	0.0	0.0	0.0	0.0	0.0	0.0	0.0	0.0	0.0	0.0	0.0	0.0	0.0	0.0	0.0	0.0	0.0	0.0	0.0	0.0	0.0	0.0
k__Bacteria;p__Actinobacteria;c__Actinobacteria;o__Actinomycetales;f__Corynebacteriaceae	6.0	0.0	0.0	0.0	0.0	0.0	0.0	0.0	0.0	0.0	0.0	1.0	0.0	1.0	0.0	0.0	0.0	0.0	0.0	0.0	0.0	0.0	0.0	11.0	0.0	0.0	0.0	2.0	0.0	0.0	0.0	9.0	0.0	2.0	1.0	0.0	0.0	0.0	0.0	0.0	0.0	0.0	0.0	0.0	3.0	0.0	1.0	1.0	0.0	0.0	0.0	0.0	0.0	1.0	0.0	0.0	0.0	0.0	2.0	0.0	0.0	0.0	0.0	0.0	0.0	0.0	0.0	3.0	0.0	0.0
k__Bacteria;p__Actinobacteria;c__Actinobacteria;o__Actinomycetales;f__Geodermatophilaceae	0.0	0.0	0.0	0.0	0.0	0.0	0.0	0.0	0.0	0.0	0.0	0.0	0.0	0.0	0.0	0.0	0.0	0.0	0.0	0.0	0.0	0.0	0.0	0.0	0.0	0.0	0.0	0.0	0.0	0.0	0.0	0.0	0.0	0.0	0.0	1.0	0.0	0.0	0.0	0.0	0.0	0.0	0.0	0.0	0.0	0.0	0.0	0.0	0.0	0.0	0.0	0.0	0.0	0.0	0.0	0.0	0.0	0.0	0.0	0.0	0.0	0.0	0.0	0.0	0.0	0.0	0.0	0.0	0.0	0.0
k__Bacteria;p__Actinobacteria;c__Actinobacteria;o__Actinomycetales;f__Kineosporiaceae	0.0	0.0	0.0	0.0	0.0	0.0	0.0	0.0	0.0	0.0	0.0	0.0	0.0	0.0	0.0	0.0	0.0	0.0	0.0	0.0	0.0	0.0	0.0	0.0	64.0	2.0	0.0	0.0	0.0	0.0	0.0	0.0	0.0	0.0	0.0	0.0	0.0	0.0	0.0	0.0	0.0	0.0	0.0	0.0	0.0	0.0	0.0	0.0	0.0	0.0	0.0	0.0	0.0	0.0	0.0	0.0	0.0	0.0	0.0	0.0	0.0	0.0	0.0	0.0	0.0	0.0	0.0	0.0	0.0	0.0
k__Bacteria;p__Actinobacteria;c__Actinobacteria;o__Actinomycetales;f__Micrococcaceae	0.0	0.0	4.0	12.0	0.0	1.0	2.0	5.0	3.0	3.0	1.0	6.0	0.0	4.0	0.0	0.0	4.0	0.0	0.0	1.0	1.0	1.0	0.0	7.0	1.0	6.0	0.0	7.0	1.0	0.0	0.0	6.0	0.0	9.0	0.0	15.0	0.0	1.0	0.0	1.0	0.0	1.0	2.0	0.0	0.0	1.0	3.0	13.0	3.0	0.0	0.0	1.0	2.0	2.0	8.0	1.0	0.0	1.0	0.0	19.0	2.0	0.0	0.0	1.0	2.0	9.0	24.0	1.0	2.0	6.0
k__Bacteria;p__Actinobacteria;c__Actinobacteria;o__Actinomycetales;f__unassigned	0.0	0.0	0.0	0.0	0.0	0.0	0.0	0.0	0.0	0.0	0.0	0.0	0.0	0.0	0.0	0.0	0.0	0.0	0.0	0.0	0.0	0.0	0.0	0.0	9.0	1.0	0.0	0.0	0.0	0.0	0.0	0.0	0.0	0.0	0.0	0.0	0.0	0.0	0.0	0.0	0.0	0.0	0.0	0.0	0.0	0.0	0.0	0.0	1.0	0.0	0.0	0.0	0.0	0.0	0.0	0.0	0.0	0.0	0.0	0.0	0.0	0.0	0.0	0.0	0.0	0.0	0.0	0.0	0.0	0.0
k__Bacteria;p__Actinobacteria;c__Actinobacteria;o__Bifidobacteriales;f__Bifidobacteriaceae	404.0	13.0	103.0	451.0	235.0	216.0	420.0	299.0	125.0	167.0	44.0	20.0	145.0	383.0	741.0	25.0	489.0	580.0	90.0	340.0	739.0	516.0	0.0	83.0	280.0	46.0	48.0	63.0	123.0	1317.0	242.0	301.0	123.0	144.0	23.0	59.0	20.0	4.0	39.0	127.0	141.0	14.0	222.0	48.0	343.0	943.0	2.0	59.0	69.0	256.0	185.0	513.0	35.0	12.0	535.0	144.0	1.0	66.0	60.0	0.0	2.0	234.0	24.0	226.0	1298.0	5.0	191.0	369.0	2.0	365.0
k__Bacteria;p__Actinobacteria;c__Actinobacteria;o__Coriobacteriales;f__Coriobacteriaceae	211.0	60.0	20.0	15.0	157.0	256.0	53.0	23.0	60.0	129.0	26.0	28.0	130.0	218.0	629.0	268.0	297.0	31.0	303.0	104.0	134.0	303.0	29.0	600.0	30.0	48.0	159.0	104.0	16.0	8.0	60.0	129.0	89.0	118.0	362.0	230.0	193.0	197.0	187.0	246.0	181.0	34.0	98.0	78.0	37.0	377.0	7.0	33.0	44.0	120.0	66.0	170.0	66.0	326.0	187.0	75.0	34.0	241.0	48.0	11.0	3.0	11.0	12.0	165.0	460.0	41.0	10.0	173.0	158.0	86.0
k__Bacteria;p__Bacteroidetes;c__Bacteroidia;o__Bacteroidales;f__Bacteroidaceae	2372.0	1931.0	5086.0	4505.0	5266.0	1648.0	2767.0	1913.0	2567.0	3666.0	3344.0	1452.0	1754.0	577.0	1504.0	967.0	1483.0	4154.0	4256.0	3030.0	1153.0	2175.0	6087.0	527.0	581.0	3552.0	3162.0	3323.0	2867.0	4100.0	1711.0	3061.0	3325.0	3546.0	2180.0	596.0	2117.0	2569.0	4180.0	2229.0	3184.0	2200.0	2225.0	4347.0	4196.0	485.0	3614.0	1406.0	964.0	5732.0	3674.0	1493.0	911.0	1217.0	2819.0	1678.0	4277.0	790.0	1637.0	2444.0	4235.0	3621.0	5129.0	2077.0	1975.0	3558.0	1222.0	2139.0	3288.0	2808.0
k__Bacteria;p__Bacteroidetes;c__Bacteroidia;o__Bacteroidales;f__Marinilabiaceae	0.0	0.0	0.0	0.0	0.0	0.0	0.0	0.0	0.0	0.0	0.0	0.0	0.0	0.0	0.0	0.0	0.0	0.0	0.0	0.0	0.0	0.0	0.0	0.0	3.0	0.0	0.0	0.0	0.0	0.0	0.0	0.0	0.0	0.0	0.0	0.0	0.0	0.0	0.0	0.0	0.0	0.0	0.0	0.0	0.0	0.0	0.0	0.0	0.0	0.0	0.0	0.0	40.0	0.0	0.0	0.0	0.0	0.0	0.0	0.0	0.0	0.0	0.0	0.0	0.0	0.0	0.0	0.0	0.0	0.0
k__Bacteria;p__Bacteroidetes;c__Bacteroidia;o__Bacteroidales;f__Porphyromonadaceae	764.0	434.0	212.0	631.0	526.0	512.0	787.0	331.0	333.0	12.0	238.0	154.0	224.0	850.0	104.0	519.0	217.0	649.0	505.0	1228.0	661.0	1247.0	918.0	336.0	1069.0	438.0	413.0	1.0	535.0	540.0	458.0	575.0	345.0	478.0	1346.0	182.0	628.0	167.0	641.0	742.0	112.0	329.0	309.0	446.0	0.0	220.0	0.0	337.0	331.0	498.0	853.0	441.0	785.0	974.0	574.0	305.0	168.0	295.0	525.0	1732.0	365.0	422.0	891.0	162.0	475.0	36.0	460.0	674.0	260.0	363.0
k__Bacteria;p__Bacteroidetes;c__Bacteroidia;o__Bacteroidales;f__Prevotellaceae	0.0	3.0	579.0	46.0	0.0	2954.0	100.0	1.0	890.0	11.0	56.0	1.0	0.0	1550.0	0.0	1942.0	430.0	6.0	473.0	62.0	1.0	2.0	0.0	110.0	0.0	19.0	0.0	0.0	1.0	0.0	981.0	4.0	216.0	2.0	1.0	1.0	656.0	0.0	556.0	1.0	0.0	5.0	57.0	135.0	0.0	66.0	1562.0	211.0	3344.0	115.0	155.0	20.0	0.0	32.0	131.0	106.0	0.0	5.0	46.0	1.0	1.0	0.0	38.0	4.0	0.0	5.0	3.0	1.0	827.0	58.0
k__Bacteria;p__Bacteroidetes;c__Bacteroidia;o__Bacteroidales;f__Rikenellaceae	1205.0	44.0	62.0	205.0	515.0	249.0	0.0	612.0	107.0	76.0	4.0	2245.0	87.0	104.0	10.0	286.0	258.0	465.0	85.0	225.0	1014.0	243.0	0.0	59.0	342.0	1251.0	890.0	0.0	1.0	63.0	208.0	0.0	202.0	24.0	1577.0	221.0	381.0	0.0	22.0	546.0	0.0	174.0	152.0	459.0	0.0	115.0	0.0	23.0	114.0	52.0	49.0	445.0	1167.0	570.0	206.0	2176.0	166.0	528.0	499.0	0.0	43.0	0.0	92.0	167.0	88.0	62.0	1485.0	129.0	27.0	35.0
k__Bacteria;p__Bacteroidetes;c__Bacteroidia;o__Bacteroidales;f__unassigned	0.0	0.0	5.0	0.0	0.0	2.0	0.0	0.0	2.0	0.0	0.0	0.0	0.0	0.0	0.0	1.0	0.0	2.0	1.0	2.0	0.0	2.0	1.0	0.0	0.0	3.0	0.0	0.0	0.0	0.0	1.0	0.0	0.0	2.0	0.0	0.0	2.0	1.0	1.0	0.0	0.0	0.0	0.0	5.0	2.0	2.0	1.0	1.0	3.0	6.0	5.0	9.0	2.0	4.0	1.0	2.0	0.0	2.0	0.0	0.0	1.0	6.0	1.0	0.0	2.0	2.0	0.0	8.0	2.0	4.0
k__Bacteria;p__Bacteroidetes;c__Flavobacteria;o__Flavobacteriales;f__Flavobacteriaceae	4.0	1.0	0.0	0.0	0.0	0.0	0.0	0.0	0.0	0.0	0.0	0.0	0.0	0.0	0.0	5.0	0.0	0.0	0.0	3.0	0.0	0.0	0.0	0.0	28.0	0.0	0.0	0.0	0.0	0.0	62.0	0.0	0.0	0.0	38.0	0.0	2.0	0.0	0.0	0.0	0.0	2.0	0.0	0.0	0.0	8.0	0.0	0.0	0.0	0.0	0.0	0.0	0.0	9.0	0.0	0.0	0.0	0.0	0.0	0.0	0.0	0.0	0.0	0.0	1.0	0.0	0.0	0.0	0.0	0.0
k__Bacteria;p__Bacteroidetes;c__Sphingobacteria;o__Sphingobacteriales;f__unassigned	0.0	0.0	0.0	0.0	0.0	0.0	0.0	0.0	0.0	0.0	0.0	0.0	0.0	0.0	0.0	0.0	0.0	0.0	0.0	0.0	0.0	0.0	0.0	518.0	0.0	0.0	0.0	0.0	0.0	0.0	0.0	0.0	0.0	0.0	0.0	0.0	0.0	0.0	0.0	0.0	0.0	0.0	0.0	0.0	0.0	185.0	0.0	0.0	41.0	0.0	0.0	0.0	0.0	0.0	0.0	0.0	0.0	0.0	0.0	0.0	0.0	0.0	0.0	0.0	0.0	0.0	0.0	0.0	0.0	0.0
k__Bacteria;p__Bacteroidetes;c__unassigned;o__unassigned;f__unassigned	0.0	0.0	0.0	0.0	0.0	0.0	0.0	0.0	0.0	0.0	0.0	0.0	0.0	0.0	0.0	0.0	0.0	0.0	0.0	0.0	0.0	1.0	0.0	0.0	0.0	1.0	0.0	0.0	0.0	0.0	0.0	0.0	2.0	0.0	0.0	0.0	0.0	0.0	0.0	0.0	0.0	0.0	1.0	0.0	0.0	0.0	0.0	0.0	1.0	2.0	5.0	0.0	0.0	0.0	3.0	0.0	0.0	0.0	0.0	0.0	0.0	0.0	0.0	3.0	0.0	6.0	0.0	1.0	0.0	0.0
k__Bacteria;p__Fibrobacteres;c__Fibrobacteria;o__Fibrobacterales;f__Fibrobacteraceae	0.0	0.0	0.0	0.0	0.0	0.0	0.0	0.0	0.0	0.0	0.0	0.0	0.0	0.0	0.0	0.0	1.0	0.0	0.0	0.0	0.0	0.0	0.0	0.0	0.0	0.0	0.0	0.0	0.0	0.0	0.0	0.0	0.0	0.0	0.0	0.0	0.0	0.0	0.0	0.0	0.0	0.0	0.0	0.0	0.0	0.0	0.0	0.0	0.0	0.0	0.0	0.0	0.0	0.0	0.0	0.0	0.0	0.0	0.0	0.0	0.0	0.0	0.0	0.0	0.0	0.0	0.0	0.0	0.0	0.0
k__Bacteria;p__Firmicutes;c__Bacilli;o__Bacillales;f__Bacillaceae_1	0.0	0.0	0.0	0.0	0.0	32.0	0.0	16.0	0.0	0.0	0.0	0.0	0.0	1.0	6.0	1.0	0.0	0.0	0.0	0.0	1.0	0.0	0.0	15.0	0.0	0.0	7.0	0.0	10.0	1.0	0.0	1.0	1.0	0.0	0.0	0.0	0.0	0.0	0.0	0.0	0.0	1.0	12.0	0.0	0.0	161.0	9.0	0.0	0.0	0.0	0.0	10.0	25.0	0.0	0.0	126.0	0.0	236.0	0.0	16.0	0.0	20.0	16.0	0.0	0.0	0.0	0.0	20.0	1.0	0.0
k__Bacteria;p__Firmicutes;c__Bacilli;o__Bacillales;f__Bacillales_Incertae_Sedis_XI	0.0	0.0	0.0	0.0	0.0	0.0	0.0	0.0	0.0	0.0	0.0	3.0	0.0	0.0	0.0	0.0	0.0	0.0	1.0	0.0	0.0	0.0	0.0	0.0	0.0	1.0	0.0	0.0	0.0	0.0	0.0	7.0	1.0	3.0	1.0	0.0	0.0	0.0	0.0	0.0	0.0	0.0	0.0	1.0	0.0	0.0	0.0	0.0	0.0	0.0	0.0	0.0	0.0	1.0	0.0	0.0	1.0	0.0	0.0	0.0	0.0	0.0	1.0	0.0	0.0	0.0	1.0	1.0	3.0	1.0
k__Bacteria;p__Firmicutes;c__Bacilli;o__Bacillales;f__Bacillales_incertae_sedis	0.0	0.0	0.0	0.0	0.0	0.0	0.0	0.0	0.0	0.0	0.0	0.0	0.0	0.0	0.0	0.0	2.0	0.0	0.0	0.0	0.0	0.0	0.0	0.0	0.0	0.0	0.0	0.0	0.0	0.0	0.0	0.0	0.0	0.0	0.0	0.0	0.0	0.0	0.0	0.0	0.0	0.0	0.0	0.0	0.0	0.0	0.0	0.0	0.0	0.0	0.0	0.0	0.0	0.0	0.0	0.0	0.0	0.0	0.0	0.0	0.0	0.0	0.0	0.0	0.0	0.0	0.0	0.0	0.0	0.0
k__Bacteria;p__Firmicutes;c__Bacilli;o__Bacillales;f__Planococcaceae	0.0	0.0	0.0	0.0	0.0	0.0	0.0	0.0	0.0	0.0	0.0	0.0	0.0	0.0	0.0	0.0	0.0	0.0	0.0	0.0	0.0	0.0	0.0	0.0	0.0	0.0	0.0	0.0	0.0	0.0	0.0	0.0	0.0	0.0	0.0	0.0	0.0	0.0	0.0	0.0	0.0	0.0	0.0	0.0	0.0	0.0	0.0	0.0	0.0	0.0	0.0	0.0	0.0	0.0	0.0	0.0	0.0	0.0	0.0	0.0	0.0	0.0	0.0	0.0	0.0	1.0	0.0	0.0	0.0	0.0
k__Bacteria;p__Firmicutes;c__Bacilli;o__Bacillales;f__Staphylococcaceae	0.0	0.0	0.0	6.0	0.0	0.0	0.0	0.0	0.0	2.0	0.0	0.0	0.0	0.0	0.0	0.0	0.0	0.0	0.0	0.0	0.0	2.0	0.0	1.0	1.0	0.0	0.0	0.0	0.0	0.0	0.0	0.0	0.0	0.0	0.0	0.0	0.0	0.0	0.0	4.0	0.0	0.0	0.0	0.0	0.0	0.0	0.0	0.0	0.0	0.0	0.0	0.0	0.0	0.0	0.0	0.0	0.0	0.0	0.0	0.0	0.0	0.0	0.0	0.0	0.0	2.0	0.0	1.0	0.0	6.0
k__Bacteria;p__Firmicutes;c__Bacilli;o__Bacillales;f__unassigned	0.0	0.0	0.0	0.0	0.0	0.0	0.0	0.0	0.0	0.0	0.0	0.0	0.0	0.0	0.0	0.0	0.0	0.0	0.0	0.0	0.0	0.0	0.0	0.0	0.0	0.0	0.0	0.0	0.0	0.0	0.0	0.0	0.0	0.0	0.0	0.0	0.0	0.0	0.0	0.0	0.0	0.0	0.0	0.0	0.0	1.0	0.0	0.0	0.0	1.0	0.0	0.0	0.0	0.0	0.0	0.0	0.0	0.0	0.0	0.0	0.0	0.0	0.0	0.0	0.0	0.0	0.0	0.0	0.0	0.0
k__Bacteria;p__Firmicutes;c__Bacilli;o__Lactobacillales;f__Aerococcaceae	0.0	0.0	0.0	0.0	0.0	0.0	0.0	0.0	0.0	0.0	0.0	0.0	0.0	0.0	0.0	0.0	0.0	0.0	0.0	0.0	0.0	0.0	2.0	0.0	0.0	0.0	0.0	0.0	0.0	1.0	0.0	0.0	0.0	0.0	0.0	0.0	0.0	0.0	0.0	0.0	0.0	0.0	0.0	0.0	0.0	0.0	0.0	0.0	0.0	0.0	0.0	0.0	0.0	0.0	0.0	0.0	0.0	0.0	0.0	0.0	0.0	0.0	0.0	0.0	0.0	0.0	0.0	0.0	0.0	0.0
k__Bacteria;p__Firmicutes;c__Bacilli;o__Lactobacillales;f__Carnobacteriaceae	0.0	1.0	2.0	5.0	0.0	0.0	0.0	3.0	2.0	0.0	0.0	2.0	0.0	1.0	0.0	0.0	0.0	0.0	0.0	1.0	3.0	1.0	0.0	1.0	0.0	4.0	1.0	1.0	0.0	2.0	0.0	8.0	1.0	3.0	0.0	1.0	0.0	0.0	0.0	0.0	1.0	0.0	0.0	0.0	0.0	0.0	0.0	1.0	1.0	2.0	1.0	0.0	0.0	0.0	2.0	0.0	0.0	0.0	0.0	2.0	0.0	0.0	0.0	0.0	0.0	1.0	4.0	0.0	0.0	1.0
k__Bacteria;p__Firmicutes;c__Bacilli;o__Lactobacillales;f__Enterococcaceae	0.0	3.0	23.0	360.0	0.0	0.0	11.0	0.0	5.0	7.0	21.0	1.0	0.0	3.0	0.0	0.0	2.0	13.0	0.0	0.0	0.0	0.0	1.0	9.0	0.0	0.0	220.0	308.0	43.0	5.0	0.0	11.0	1.0	6.0	20.0	51.0	0.0	0.0	0.0	6.0	119.0	7.0	14.0	1.0	116.0	8.0	4.0	0.0	1.0	0.0	3.0	0.0	0.0	0.0	0.0	1.0	16.0	1.0	0.0	0.0	6.0	2.0	2.0	2.0	0.0	0.0	0.0	0.0	0.0	0.0
k__Bacteria;p__Firmicutes;c__Bacilli;o__Lactobacillales;f__Lactobacillaceae	1.0	44.0	2.0	80.0	0.0	157.0	467.0	0.0	1372.0	134.0	25.0	1068.0	2.0	0.0	144.0	0.0	0.0	3.0	0.0	9.0	15.0	149.0	0.0	7.0	229.0	10.0	1.0	421.0	0.0	1.0	22.0	154.0	585.0	162.0	7.0	33.0	5.0	55.0	0.0	3.0	0.0	136.0	1005.0	64.0	68.0	5.0	2.0	3688.0	609.0	0.0	9.0	202.0	1.0	6.0	341.0	2.0	75.0	334.0	0.0	0.0	0.0	0.0	5.0	87.0	111.0	33.0	7.0	147.0	1.0	16.0
k__Bacteria;p__Firmicutes;c__Bacilli;o__Lactobacillales;f__Leuconostocaceae	0.0	0.0	0.0	0.0	0.0	0.0	1.0	0.0	0.0	0.0	0.0	0.0	0.0	0.0	0.0	0.0	1.0	0.0	0.0	0.0	0.0	0.0	0.0	0.0	1.0	0.0	0.0	0.0	0.0	0.0	0.0	2.0	1.0	0.0	0.0	0.0	0.0	0.0	0.0	0.0	0.0	847.0	16.0	0.0	0.0	0.0	0.0	1.0	0.0	4.0	0.0	0.0	0.0	0.0	0.0	0.0	0.0	0.0	0.0	0.0	1.0	0.0	0.0	0.0	0.0	0.0	0.0	0.0	0.0	0.0
k__Bacteria;p__Firmicutes;c__Bacilli;o__Lactobacillales;f__Streptococcaceae	19.0	159.0	26.0	737.0	38.0	39.0	1272.0	1020.0	661.0	163.0	214.0	540.0	86.0	49.0	211.0	42.0	52.0	72.0	13.0	263.0	46.0	226.0	19.0	9.0	428.0	170.0	66.0	211.0	14.0	74.0	29.0	683.0	794.0	431.0	98.0	2138.0	36.0	43.0	86.0	145.0	46.0	392.0	306.0	29.0	26.0	9.0	16.0	1303.0	280.0	35.0	190.0	512.0	11.0	458.0	256.0	57.0	187.0	280.0	9.0	371.0	16.0	69.0	21.0	401.0	160.0	327.0	130.0	413.0	1148.0	88.0
k__Bacteria;p__Firmicutes;c__Bacilli;o__Lactobacillales;f__unassigned	0.0	0.0	0.0	0.0	0.0	0.0	0.0	0.0	1.0	0.0	0.0	0.0	0.0	0.0	0.0	0.0	0.0	0.0	0.0	0.0	0.0	0.0	0.0	0.0	0.0	0.0	0.0	0.0	0.0	0.0	0.0	0.0	0.0	0.0	0.0	0.0	0.0	0.0	0.0	0.0	0.0	0.0	2.0	0.0	0.0	0.0	0.0	2.0	1.0	0.0	0.0	1.0	0.0	0.0	0.0	0.0	0.0	0.0	0.0	0.0	0.0	0.0	0.0	0.0	0.0	0.0	0.0	0.0	0.0	0.0
k__Bacteria;p__Firmicutes;c__Clostridia;o__Clostridiales;f__Clostridiaceae_1	56.0	132.0	14.0	9.0	43.0	10.0	91.0	230.0	167.0	225.0	30.0	58.0	0.0	71.0	113.0	111.0	888.0	13.0	144.0	14.0	17.0	7.0	1.0	307.0	71.0	37.0	2.0	9.0	68.0	0.0	361.0	0.0	62.0	4.0	9.0	15.0	124.0	192.0	49.0	355.0	0.0	415.0	10.0	0.0	225.0	155.0	2.0	71.0	61.0	33.0	9.0	138.0	44.0	76.0	1.0	263.0	0.0	1422.0	51.0	0.0	0.0	21.0	153.0	2.0	33.0	0.0	60.0	12.0	0.0	0.0
k__Bacteria;p__Firmicutes;c__Clostridia;o__Clostridiales;f__Clostridiales_Incertae_Sedis_XI	0.0	36.0	6.0	1.0	0.0	0.0	0.0	0.0	0.0	0.0	79.0	0.0	1.0	1.0	0.0	0.0	15.0	1.0	0.0	0.0	4.0	5.0	0.0	1.0	2.0	0.0	0.0	0.0	1.0	0.0	2.0	1.0	1.0	0.0	366.0	0.0	0.0	1.0	2.0	1.0	2.0	2.0	1.0	1.0	76.0	1.0	0.0	0.0	0.0	0.0	0.0	0.0	0.0	4.0	0.0	0.0	1.0	1.0	1.0	1.0	1.0	1.0	0.0	1.0	0.0	7.0	3.0	3.0	3.0	2.0
k__Bacteria;p__Firmicutes;c__Clostridia;o__Clostridiales;f__Clostridiales_Incertae_Sedis_XIII	1.0	9.0	1.0	2.0	1.0	4.0	0.0	5.0	3.0	2.0	1.0	0.0	1.0	1.0	13.0	3.0	5.0	3.0	1.0	3.0	6.0	0.0	0.0	11.0	1.0	3.0	1.0	1.0	0.0	0.0	0.0	0.0	0.0	0.0	6.0	0.0	1.0	2.0	0.0	1.0	0.0	2.0	2.0	1.0	0.0	7.0	0.0	0.0	9.0	0.0	0.0	1.0	4.0	1.0	0.0	5.0	6.0	9.0	1.0	0.0	1.0	0.0	0.0	14.0	0.0	0.0	2.0	2.0	0.0	0.0
k__Bacteria;p__Firmicutes;c__Clostridia;o__Clostridiales;f__Eubacteriaceae	6.0	41.0	1.0	2.0	93.0	27.0	0.0	26.0	2.0	89.0	49.0	23.0	7.0	99.0	10.0	267.0	13.0	45.0	2.0	39.0	178.0	56.0	133.0	373.0	39.0	85.0	64.0	0.0	2.0	0.0	53.0	52.0	0.0	0.0	142.0	13.0	179.0	40.0	2.0	38.0	0.0	70.0	24.0	8.0	12.0	169.0	0.0	0.0	115.0	2.0	15.0	281.0	63.0	137.0	9.0	2.0	42.0	16.0	1.0	0.0	0.0	0.0	21.0	120.0	43.0	0.0	22.0	42.0	3.0	0.0
k__Bacteria;p__Firmicutes;c__Clostridia;o__Clostridiales;f__Gracilibacteraceae	12.0	15.0	4.0	22.0	12.0	1.0	5.0	52.0	2.0	36.0	4.0	68.0	31.0	0.0	109.0	43.0	79.0	4.0	0.0	63.0	67.0	65.0	1.0	19.0	140.0	143.0	6.0	3.0	1.0	1.0	435.0	0.0	13.0	0.0	32.0	1.0	83.0	51.0	27.0	70.0	3.0	23.0	16.0	0.0	0.0	235.0	169.0	0.0	92.0	1.0	17.0	108.0	22.0	55.0	48.0	40.0	0.0	2.0	1.0	59.0	2.0	79.0	16.0	27.0	92.0	61.0	97.0	2.0	0.0	16.0
k__Bacteria;p__Firmicutes;c__Clostridia;o__Clostridiales;f__Heliobacteriaceae	0.0	0.0	0.0	0.0	0.0	0.0	0.0	0.0	0.0	0.0	0.0	0.0	0.0	0.0	0.0	0.0	0.0	0.0	0.0	0.0	2.0	2.0	0.0	0.0	84.0	1.0	0.0	0.0	1.0	0.0	0.0	0.0	0.0	0.0	0.0	0.0	0.0	0.0	0.0	0.0	0.0	0.0	0.0	0.0	0.0	0.0	0.0	0.0	0.0	0.0	0.0	1.0	0.0	0.0	0.0	0.0	0.0	0.0	0.0	0.0	0.0	0.0	0.0	0.0	0.0	0.0	0.0	0.0	0.0	0.0
k__Bacteria;p__Firmicutes;c__Clostridia;o__Clostridiales;f__Incertae_Sedis_XI	0.0	0.0	0.0	0.0	0.0	0.0	0.0	0.0	0.0	0.0	0.0	0.0	0.0	0.0	0.0	0.0	1.0	0.0	0.0	0.0	0.0	0.0	0.0	0.0	0.0	0.0	0.0	0.0	0.0	0.0	0.0	0.0	0.0	0.0	0.0	0.0	0.0	0.0	0.0	0.0	0.0	0.0	0.0	0.0	0.0	0.0	0.0	0.0	0.0	0.0	0.0	0.0	0.0	0.0	0.0	0.0	0.0	0.0	0.0	0.0	0.0	0.0	0.0	0.0	0.0	0.0	0.0	0.0	0.0	0.0
k__Bacteria;p__Firmicutes;c__Clostridia;o__Clostridiales;f__Incertae_sedis	5.0	0.0	0.0	0.0	1.0	0.0	0.0	0.0	2.0	1.0	27.0	1.0	3.0	1.0	241.0	185.0	2.0	0.0	2.0	35.0	328.0	138.0	0.0	312.0	289.0	52.0	11.0	2.0	0.0	0.0	107.0	0.0	0.0	1.0	5.0	1.0	59.0	48.0	1.0	93.0	1.0	76.0	53.0	3.0	0.0	671.0	0.0	0.0	4.0	0.0	4.0	654.0	4.0	301.0	26.0	4.0	0.0	39.0	8.0	0.0	0.0	0.0	46.0	6.0	9.0	1.0	194.0	3.0	0.0	0.0
k__Bacteria;p__Firmicutes;c__Clostridia;o__Clostridiales;f__Lachnospiraceae	1174.0	1183.0	703.0	856.0	1595.0	391.0	1390.0	1700.0	1697.0	1435.0	665.0	1060.0	1098.0	1571.0	1657.0	1728.0	1287.0	1790.0	1710.0	1360.0	1250.0	867.0	288.0	673.0	445.0	1652.0	1145.0	1805.0	678.0	2562.0	1838.0	3519.0	1879.0	2452.0	1244.0	851.0	1694.0	1673.0	2242.0	182.0	1359.0	672.0	476.0	1130.0	283.0	1651.0	1149.0	1816.0	1257.0	2173.0	1934.0	741.0	1136.0	2003.0	1968.0	1377.0	954.0	307.0	1070.0	3106.0	652.0	2113.0	1038.0	1246.0	1506.0	3851.0	2293.0	2029.0	1143.0	1556.0
k__Bacteria;p__Firmicutes;c__Clostridia;o__Clostridiales;f__Peptococcaceae_1	1.0	17.0	1.0	0.0	0.0	6.0	0.0	7.0	0.0	0.0	7.0	4.0	3.0	0.0	3.0	3.0	27.0	0.0	0.0	1.0	2.0	1.0	0.0	0.0	5.0	3.0	3.0	0.0	0.0	0.0	0.0	0.0	0.0	0.0	27.0	0.0	20.0	5.0	0.0	1.0	0.0	0.0	1.0	0.0	0.0	34.0	0.0	0.0	0.0	0.0	0.0	4.0	2.0	2.0	0.0	6.0	3.0	0.0	1.0	0.0	0.0	0.0	21.0	4.0	1.0	8.0	2.0	0.0	1.0	0.0
k__Bacteria;p__Firmicutes;c__Clostridia;o__Clostridiales;f__Peptococcaceae_2	0.0	0.0	0.0	1.0	9.0	0.0	0.0	0.0	0.0	0.0	0.0	0.0	0.0	0.0	10.0	2.0	4.0	0.0	0.0	32.0	1.0	0.0	0.0	0.0	34.0	9.0	2.0	0.0	0.0	0.0	2.0	0.0	0.0	0.0	0.0	0.0	12.0	34.0	0.0	4.0	0.0	0.0	6.0	1.0	0.0	9.0	0.0	0.0	0.0	0.0	0.0	22.0	30.0	46.0	1.0	0.0	0.0	0.0	9.0	0.0	0.0	0.0	38.0	0.0	0.0	0.0	5.0	0.0	0.0	0.0
k__Bacteria;p__Firmicutes;c__Clostridia;o__Clostridiales;f__Peptostreptococcaceae	59.0	78.0	61.0	6.0	23.0	3.0	137.0	19.0	95.0	222.0	34.0	0.0	36.0	13.0	26.0	62.0	937.0	12.0	50.0	4.0	25.0	15.0	0.0	214.0	5.0	76.0	9.0	113.0	48.0	25.0	337.0	2.0	21.0	17.0	7.0	0.0	47.0	4.0	13.0	100.0	7.0	56.0	3.0	3.0	82.0	146.0	46.0	54.0	302.0	7.0	149.0	263.0	359.0	451.0	2.0	233.0	23.0	588.0	99.0	13.0	0.0	92.0	72.0	3.0	60.0	136.0	0.0	181.0	1.0	10.0
k__Bacteria;p__Firmicutes;c__Clostridia;o__Clostridiales;f__Ruminococcaceae	1724.0	1659.0	1817.0	1101.0	673.0	920.0	413.0	1240.0	709.0	1467.0	1605.0	1737.0	2655.0	2835.0	2221.0	1858.0	2062.0	744.0	628.0	1635.0	2411.0	2405.0	277.0	1151.0	2409.0	1154.0	435.0	336.0	14.0	238.0	2094.0	525.0	871.0	430.0	1387.0	252.0	1370.0	1465.0	815.0	1255.0	472.0	946.0	972.0	674.0	134.0	2824.0	1845.0	168.0	1367.0	282.0	363.0	2389.0	1815.0	1686.0	1549.0	2263.0	453.0	670.0	2226.0	1182.0	198.0	1044.0	1440.0	1085.0	752.0	1191.0	1379.0	827.0	121.0	79.0
k__Bacteria;p__Firmicutes;c__Clostridia;o__Clostridiales;f__Syntrophomonadaceae	0.0	0.0	0.0	0.0	0.0	0.0	0.0	0.0	0.0	0.0	0.0	0.0	0.0	0.0	0.0	0.0	0.0	0.0	0.0	0.0	0.0	0.0	0.0	0.0	0.0	1.0	0.0	0.0	0.0	0.0	0.0	0.0	0.0	0.0	0.0	0.0	0.0	0.0	0.0	0.0	0.0	0.0	1.0	0.0	0.0	0.0	0.0	0.0	0.0	0.0	0.0	0.0	0.0	0.0	0.0	0.0	0.0	0.0	0.0	0.0	0.0	0.0	0.0	0.0	0.0	0.0	0.0	0.0	0.0	0.0
k__Bacteria;p__Firmicutes;c__Clostridia;o__Clostridiales;f__unassigned	117.0	37.0	15.0	76.0	78.0	50.0	11.0	12.0	3.0	52.0	248.0	327.0	261.0	379.0	474.0	84.0	130.0	685.0	261.0	162.0	171.0	247.0	75.0	35.0	215.0	293.0	260.0	0.0	2.0	29.0	186.0	112.0	1.0	23.0	252.0	54.0	295.0	222.0	80.0	138.0	1.0	25.0	71.0	7.0	30.0	115.0	28.0	53.0	59.0	120.0	28.0	375.0	93.0	93.0	80.0	113.0	403.0	9.0	95.0	0.0	39.0	20.0	42.0	89.0	364.0	19.0	282.0	173.0	350.0	52.0
k__Bacteria;p__Firmicutes;c__Clostridia;o__Thermoanaerobacterales;f__Thermoanaerobacteraceae	0.0	0.0	0.0	0.0	0.0	0.0	0.0	0.0	0.0	0.0	0.0	0.0	0.0	0.0	0.0	0.0	0.0	0.0	0.0	0.0	2.0	0.0	0.0	0.0	0.0	0.0	0.0	0.0	0.0	0.0	0.0	0.0	0.0	0.0	0.0	0.0	0.0	0.0	0.0	0.0	0.0	0.0	0.0	0.0	0.0	0.0	0.0	0.0	0.0	0.0	0.0	0.0	0.0	0.0	0.0	0.0	0.0	0.0	0.0	0.0	0.0	0.0	0.0	0.0	0.0	0.0	0.0	0.0	0.0	0.0
k__Bacteria;p__Firmicutes;c__Clostridia;o__unassigned;f__unassigned	4.0	0.0	0.0	2.0	0.0	0.0	0.0	0.0	0.0	0.0	0.0	0.0	0.0	0.0	13.0	0.0	0.0	0.0	0.0	7.0	6.0	0.0	0.0	3.0	6.0	6.0	0.0	0.0	1.0	0.0	2.0	0.0	0.0	0.0	0.0	0.0	2.0	10.0	0.0	0.0	0.0	1.0	0.0	0.0	0.0	1.0	0.0	0.0	0.0	0.0	0.0	1.0	0.0	0.0	1.0	0.0	0.0	4.0	0.0	0.0	0.0	0.0	13.0	0.0	0.0	0.0	4.0	0.0	0.0	0.0
k__Bacteria;p__Firmicutes;c__Erysipelotrichia;o__Erysipelotrichales;f__Erysipelotrichaceae	43.0	86.0	583.0	31.0	24.0	5.0	35.0	29.0	39.0	128.0	30.0	78.0	32.0	45.0	24.0	350.0	392.0	66.0	31.0	27.0	50.0	41.0	4.0	295.0	295.0	287.0	196.0	52.0	21.0	39.0	74.0	65.0	7.0	11.0	6.0	46.0	54.0	60.0	51.0	86.0	13.0	51.0	38.0	84.0	47.0	219.0	27.0	22.0	39.0	19.0	29.0	88.0	100.0	326.0	14.0	27.0	41.0	65.0	30.0	49.0	8.0	26.0	150.0	24.0	48.0	67.0	40.0	29.0	11.0	352.0
k__Bacteria;p__Firmicutes;c__Incertae_sedis;o__Incertae_sedis;f__Incertae_sedis	2.0	0.0	0.0	1.0	0.0	0.0	0.0	0.0	0.0	0.0	0.0	0.0	0.0	0.0	3.0	0.0	0.0	1.0	0.0	2.0	0.0	3.0	0.0	2.0	4.0	3.0	0.0	0.0	0.0	0.0	1.0	0.0	0.0	0.0	3.0	0.0	1.0	0.0	0.0	2.0	0.0	0.0	0.0	0.0	0.0	1.0	0.0	0.0	1.0	0.0	0.0	3.0	0.0	3.0	0.0	0.0	0.0	1.0	0.0	0.0	0.0	0.0	0.0	0.0	0.0	0.0	1.0	0.0	0.0	0.0
k__Bacteria;p__Firmicutes;c__Negativicutes;o__Selenomonadales;f__Acidaminococcaceae	39.0	3.0	7.0	33.0	133.0	210.0	0.0	102.0	88.0	130.0	9.0	120.0	368.0	262.0	0.0	133.0	22.0	4.0	318.0	132.0	30.0	99.0	71.0	56.0	1.0	87.0	258.0	294.0	316.0	417.0	78.0	0.0	143.0	133.0	172.0	194.0	228.0	1.0	217.0	149.0	533.0	1.0	52.0	131.0	0.0	213.0	0.0	66.0	219.0	264.0	210.0	25.0	0.0	111.0	92.0	56.0	106.0	0.0	235.0	0.0	348.0	0.0	1.0	637.0	0.0	3.0	123.0	33.0	303.0	70.0
k__Bacteria;p__Firmicutes;c__Negativicutes;o__Selenomonadales;f__Veillonellaceae	1.0	92.0	12.0	179.0	1.0	1103.0	924.0	117.0	376.0	403.0	112.0	12.0	2.0	712.0	38.0	96.0	205.0	16.0	1.0	320.0	8.0	9.0	2.0	190.0	3.0	10.0	4.0	9.0	1.0	11.0	156.0	49.0	497.0	867.0	58.0	15.0	21.0	0.0	7.0	0.0	26.0	32.0	54.0	51.0	345.0	133.0	150.0	11.0	66.0	20.0	1161.0	80.0	44.0	1.0	17.0	15.0	5.0	46.0	13.0	99.0	3188.0	282.0	10.0	48.0	96.0	410.0	5.0	5.0	16.0	2512.0
k__Bacteria;p__Firmicutes;c__Negativicutes;o__Selenomonadales;f__unassigned	0.0	0.0	0.0	0.0	0.0	0.0	0.0	1.0	0.0	0.0	0.0	0.0	0.0	0.0	0.0	0.0	0.0	0.0	0.0	0.0	0.0	0.0	0.0	0.0	0.0	1.0	0.0	0.0	0.0	0.0	0.0	0.0	0.0	0.0	0.0	0.0	0.0	0.0	0.0	0.0	0.0	0.0	0.0	0.0	0.0	0.0	0.0	1.0	0.0	1.0	0.0	1.0	0.0	0.0	0.0	0.0	0.0	0.0	0.0	0.0	0.0	0.0	0.0	0.0	0.0	0.0	0.0	0.0	0.0	0.0
k__Bacteria;p__Firmicutes;c__unassigned;o__unassigned;f__unassigned	7.0	0.0	0.0	1.0	1.0	0.0	14.0	19.0	0.0	2.0	0.0	0.0	0.0	1.0	5.0	0.0	6.0	10.0	0.0	2.0	3.0	11.0	5.0	0.0	5.0	0.0	4.0	1.0	0.0	1.0	0.0	29.0	1.0	9.0	6.0	2.0	2.0	38.0	1.0	4.0	1.0	6.0	10.0	9.0	0.0	11.0	5.0	17.0	1.0	0.0	2.0	2.0	7.0	21.0	0.0	0.0	5.0	2.0	1.0	7.0	3.0	0.0	0.0	5.0	1.0	4.0	0.0	5.0	0.0	1.0
k__Bacteria;p__Fusobacteria;c__Fusobacteria;o__Fusobacteriales;f__Fusobacteriaceae	0.0	7.0	5.0	127.0	9.0	47.0	1.0	14.0	113.0	2.0	3.0	61.0	1.0	1.0	0.0	0.0	1.0	2.0	641.0	67.0	1.0	0.0	199.0	0.0	0.0	1.0	13.0	349.0	1420.0	64.0	2.0	0.0	467.0	110.0	5.0	1.0	10.0	0.0	231.0	0.0	137.0	18.0	0.0	126.0	0.0	0.0	0.0	1.0	3.0	3.0	118.0	8.0	4.0	19.0	37.0	0.0	7.0	2.0	0.0	0.0	192.0	2.0	78.0	6.0	7.0	12.0	0.0	18.0	1164.0	386.0
k__Bacteria;p__Fusobacteria;c__Fusobacteria;o__Fusobacteriales;f__Leptotrichiaceae	0.0	0.0	0.0	0.0	0.0	0.0	0.0	0.0	0.0	0.0	0.0	0.0	0.0	0.0	0.0	0.0	0.0	0.0	0.0	0.0	0.0	0.0	0.0	0.0	0.0	0.0	0.0	0.0	0.0	0.0	0.0	0.0	0.0	3.0	0.0	0.0	0.0	0.0	0.0	0.0	0.0	0.0	0.0	0.0	0.0	0.0	0.0	0.0	0.0	0.0	0.0	0.0	0.0	0.0	0.0	0.0	0.0	0.0	0.0	0.0	0.0	0.0	0.0	0.0	0.0	0.0	0.0	0.0	0.0	0.0
k__Bacteria;p__Lentisphaerae;c__Lentisphaeria;o__Victivallales;f__Victivallaceae	0.0	0.0	0.0	0.0	0.0	0.0	0.0	0.0	0.0	0.0	0.0	0.0	0.0	0.0	0.0	1.0	0.0	0.0	0.0	0.0	0.0	3.0	0.0	3.0	0.0	2.0	0.0	0.0	0.0	0.0	0.0	0.0	0.0	0.0	4.0	0.0	1.0	0.0	0.0	5.0	0.0	0.0	0.0	0.0	0.0	6.0	0.0	0.0	0.0	0.0	0.0	0.0	0.0	0.0	0.0	0.0	0.0	0.0	0.0	0.0	0.0	0.0	0.0	0.0	0.0	0.0	0.0	0.0	0.0	0.0
k__Bacteria;p__Proteobacteria;c__Alphaproteobacteria;o__Caulobacterales;f__Caulobacteraceae	0.0	0.0	0.0	0.0	0.0	0.0	0.0	0.0	0.0	0.0	0.0	0.0	0.0	0.0	0.0	0.0	0.0	0.0	0.0	0.0	0.0	0.0	0.0	0.0	0.0	0.0	0.0	0.0	0.0	0.0	0.0	0.0	1.0	1.0	2.0	0.0	0.0	0.0	0.0	0.0	0.0	0.0	0.0	0.0	0.0	0.0	0.0	0.0	0.0	0.0	0.0	0.0	0.0	0.0	0.0	0.0	1.0	0.0	0.0	0.0	0.0	0.0	0.0	0.0	0.0	0.0	0.0	0.0	0.0	0.0
k__Bacteria;p__Proteobacteria;c__Alphaproteobacteria;o__Kiloniellales;f__Kiloniellaceae	0.0	0.0	0.0	0.0	0.0	0.0	0.0	0.0	0.0	0.0	0.0	0.0	0.0	0.0	0.0	0.0	0.0	0.0	0.0	0.0	0.0	0.0	0.0	0.0	0.0	0.0	0.0	0.0	0.0	0.0	0.0	0.0	0.0	0.0	0.0	0.0	0.0	0.0	0.0	0.0	0.0	0.0	0.0	0.0	0.0	0.0	0.0	0.0	0.0	0.0	0.0	0.0	0.0	0.0	0.0	0.0	0.0	0.0	0.0	0.0	0.0	0.0	0.0	0.0	0.0	0.0	22.0	0.0	0.0	0.0
k__Bacteria;p__Proteobacteria;c__Alphaproteobacteria;o__Rhizobiales;f__Bradyrhizobiaceae	0.0	0.0	0.0	0.0	0.0	0.0	0.0	0.0	0.0	0.0	0.0	0.0	0.0	0.0	0.0	0.0	0.0	0.0	0.0	0.0	0.0	0.0	0.0	0.0	0.0	0.0	0.0	0.0	0.0	0.0	0.0	0.0	0.0	0.0	0.0	0.0	0.0	0.0	0.0	0.0	0.0	1.0	0.0	0.0	0.0	0.0	0.0	0.0	0.0	0.0	0.0	0.0	0.0	0.0	0.0	0.0	0.0	0.0	0.0	0.0	0.0	0.0	0.0	0.0	0.0	0.0	0.0	0.0	0.0	0.0
k__Bacteria;p__Proteobacteria;c__Alphaproteobacteria;o__Rhizobiales;f__Hyphomicrobiaceae	152.0	160.0	64.0	119.0	61.0	909.0	169.0	10.0	7.0	10.0	62.0	163.0	214.0	68.0	216.0	784.0	330.0	70.0	56.0	21.0	119.0	237.0	51.0	492.0	235.0	140.0	45.0	362.0	3.0	22.0	398.0	409.0	4.0	3.0	72.0	168.0	34.0	65.0	51.0	179.0	11.0	52.0	177.0	168.0	19.0	123.0	36.0	11.0	108.0	15.0	617.0	99.0	68.0	233.0	62.0	579.0	46.0	48.0	733.0	644.0	7.0	136.0	32.0	303.0	382.0	43.0	147.0	89.0	452.0	20.0
k__Bacteria;p__Proteobacteria;c__Alphaproteobacteria;o__Rhizobiales;f__Rhizobiaceae	0.0	0.0	0.0	0.0	0.0	0.0	0.0	0.0	0.0	0.0	0.0	0.0	0.0	0.0	0.0	0.0	0.0	0.0	0.0	0.0	0.0	0.0	0.0	0.0	0.0	0.0	0.0	0.0	0.0	0.0	0.0	0.0	0.0	0.0	0.0	0.0	0.0	0.0	0.0	0.0	0.0	573.0	14.0	0.0	0.0	0.0	0.0	0.0	0.0	2.0	0.0	0.0	0.0	0.0	0.0	0.0	0.0	0.0	0.0	0.0	0.0	0.0	0.0	0.0	0.0	0.0	0.0	1.0	0.0	0.0
k__Bacteria;p__Proteobacteria;c__Alphaproteobacteria;o__Rhodospirillales;f__Rhodospirillaceae	0.0	37.0	3.0	0.0	0.0	0.0	0.0	0.0	0.0	0.0	0.0	1.0	0.0	0.0	0.0	0.0	0.0	0.0	0.0	47.0	84.0	226.0	0.0	0.0	11.0	0.0	0.0	0.0	0.0	0.0	0.0	0.0	0.0	0.0	0.0	0.0	0.0	0.0	0.0	0.0	0.0	0.0	0.0	0.0	0.0	69.0	0.0	0.0	0.0	0.0	0.0	0.0	0.0	0.0	165.0	0.0	0.0	0.0	0.0	0.0	1.0	0.0	0.0	0.0	0.0	0.0	0.0	0.0	0.0	0.0
k__Bacteria;p__Proteobacteria;c__Alphaproteobacteria;o__Sphingomonadales;f__Sphingomonadaceae	0.0	0.0	0.0	0.0	0.0	0.0	0.0	0.0	0.0	0.0	1.0	0.0	0.0	0.0	0.0	0.0	0.0	0.0	0.0	0.0	0.0	0.0	0.0	0.0	0.0	0.0	0.0	0.0	0.0	0.0	0.0	0.0	0.0	0.0	0.0	0.0	0.0	0.0	0.0	0.0	0.0	0.0	0.0	0.0	0.0	0.0	0.0	0.0	0.0	0.0	0.0	0.0	0.0	0.0	0.0	0.0	0.0	0.0	0.0	0.0	0.0	0.0	0.0	0.0	0.0	0.0	0.0	0.0	0.0	0.0
k__Bacteria;p__Proteobacteria;c__Betaproteobacteria;o__Burkholderiales;f__Incertae_sedis	0.0	0.0	0.0	0.0	0.0	0.0	0.0	0.0	0.0	0.0	0.0	0.0	0.0	0.0	0.0	0.0	0.0	0.0	0.0	0.0	0.0	0.0	0.0	0.0	0.0	0.0	0.0	0.0	0.0	0.0	0.0	0.0	0.0	4.0	0.0	0.0	0.0	0.0	0.0	0.0	0.0	0.0	0.0	0.0	0.0	0.0	0.0	0.0	0.0	0.0	0.0	0.0	0.0	0.0	0.0	0.0	0.0	0.0	1.0	0.0	0.0	0.0	0.0	0.0	0.0	0.0	0.0	1.0	0.0	0.0
k__Bacteria;p__Proteobacteria;c__Betaproteobacteria;o__Burkholderiales;f__Oxalobacteraceae	0.0	0.0	0.0	0.0	0.0	0.0	0.0	0.0	0.0	0.0	0.0	0.0	0.0	0.0	0.0	1.0	0.0	0.0	0.0	0.0	0.0	0.0	0.0	8.0	0.0	0.0	0.0	0.0	0.0	0.0	1.0	0.0	0.0	0.0	0.0	0.0	0.0	0.0	0.0	0.0	0.0	0.0	0.0	0.0	0.0	5.0	0.0	0.0	2.0	0.0	0.0	0.0	0.0	0.0	0.0	0.0	0.0	0.0	0.0	0.0	0.0	0.0	0.0	0.0	0.0	0.0	1.0	0.0	0.0	0.0
k__Bacteria;p__Proteobacteria;c__Betaproteobacteria;o__Burkholderiales;f__Sutterellaceae	46.0	48.0	341.0	138.0	0.0	195.0	220.0	48.0	61.0	116.0	103.0	129.0	111.0	44.0	39.0	63.0	37.0	215.0	229.0	215.0	35.0	1.0	0.0	37.0	9.0	199.0	62.0	115.0	124.0	429.0	62.0	213.0	219.0	370.0	21.0	46.0	113.0	1.0	132.0	79.0	42.0	16.0	6.0	17.0	101.0	21.0	257.0	0.0	54.0	186.0	116.0	120.0	0.0	167.0	228.0	0.0	0.0	8.0	37.0	0.0	158.0	1.0	154.0	51.0	0.0	0.0	49.0	94.0	502.0	38.0
k__Bacteria;p__Proteobacteria;c__Betaproteobacteria;o__Neisseriales;f__Neisseriaceae	0.0	0.0	0.0	0.0	0.0	0.0	0.0	0.0	0.0	0.0	0.0	0.0	0.0	0.0	0.0	0.0	0.0	0.0	0.0	0.0	0.0	0.0	0.0	0.0	0.0	0.0	0.0	0.0	0.0	0.0	0.0	0.0	0.0	0.0	0.0	0.0	0.0	0.0	0.0	0.0	0.0	0.0	0.0	0.0	0.0	0.0	0.0	0.0	0.0	0.0	0.0	1.0	0.0	0.0	0.0	0.0	0.0	0.0	0.0	0.0	0.0	0.0	0.0	0.0	0.0	0.0	0.0	0.0	1.0	0.0
k__Bacteria;p__Proteobacteria;c__Betaproteobacteria;o__Rhodocyclales;f__Rhodocyclaceae	0.0	0.0	0.0	0.0	0.0	0.0	1.0	0.0	0.0	0.0	1.0	0.0	0.0	0.0	0.0	0.0	0.0	0.0	0.0	0.0	0.0	0.0	0.0	0.0	0.0	0.0	0.0	0.0	0.0	0.0	0.0	0.0	0.0	0.0	0.0	0.0	0.0	0.0	0.0	0.0	0.0	0.0	0.0	0.0	0.0	0.0	0.0	0.0	0.0	0.0	0.0	0.0	0.0	0.0	0.0	0.0	0.0	0.0	0.0	0.0	0.0	0.0	0.0	0.0	0.0	0.0	0.0	0.0	0.0	0.0
k__Bacteria;p__Proteobacteria;c__Betaproteobacteria;o__unassigned;f__unassigned	0.0	0.0	0.0	0.0	0.0	0.0	0.0	0.0	0.0	0.0	0.0	0.0	0.0	0.0	0.0	0.0	0.0	0.0	0.0	0.0	0.0	0.0	0.0	0.0	0.0	0.0	0.0	0.0	0.0	0.0	0.0	0.0	0.0	0.0	0.0	0.0	0.0	0.0	0.0	0.0	0.0	0.0	0.0	0.0	0.0	0.0	0.0	0.0	0.0	0.0	0.0	0.0	0.0	0.0	0.0	0.0	0.0	0.0	0.0	0.0	0.0	0.0	0.0	0.0	0.0	0.0	0.0	1.0	0.0	0.0
k__Bacteria;p__Proteobacteria;c__Deltaproteobacteria;o__Bdellovibrionales;f__Bdellovibrionaceae	0.0	0.0	0.0	0.0	0.0	0.0	0.0	0.0	0.0	0.0	0.0	0.0	0.0	0.0	0.0	0.0	0.0	0.0	0.0	0.0	0.0	0.0	0.0	0.0	25.0	1.0	0.0	0.0	0.0	0.0	0.0	0.0	0.0	0.0	0.0	0.0	0.0	0.0	0.0	0.0	0.0	0.0	0.0	0.0	0.0	0.0	0.0	0.0	0.0	0.0	0.0	0.0	0.0	2.0	207.0	0.0	0.0	0.0	0.0	0.0	0.0	0.0	0.0	0.0	0.0	0.0	0.0	0.0	0.0	0.0
k__Bacteria;p__Proteobacteria;c__Deltaproteobacteria;o__Desulfovibrionales;f__Desulfovibrionaceae	39.0	0.0	1.0	0.0	87.0	10.0	70.0	0.0	6.0	30.0	12.0	162.0	85.0	28.0	39.0	38.0	1.0	47.0	11.0	62.0	17.0	0.0	14.0	36.0	23.0	1.0	65.0	63.0	3.0	31.0	11.0	35.0	21.0	1.0	0.0	19.0	36.0	0.0	34.0	20.0	54.0	21.0	8.0	38.0	71.0	9.0	3.0	0.0	43.0	20.0	4.0	32.0	0.0	77.0	7.0	3.0	0.0	4.0	14.0	0.0	51.0	0.0	30.0	50.0	37.0	6.0	119.0	36.0	130.0	5.0
k__Bacteria;p__Proteobacteria;c__Epsilonproteobacteria;o__Campylobacterales;f__Campylobacteraceae	0.0	2.0	0.0	0.0	0.0	0.0	0.0	0.0	11.0	5.0	1.0	0.0	0.0	7.0	1.0	0.0	9.0	0.0	0.0	0.0	0.0	0.0	0.0	0.0	0.0	0.0	0.0	0.0	0.0	0.0	0.0	0.0	0.0	6.0	0.0	0.0	0.0	0.0	0.0	0.0	1.0	130.0	2.0	0.0	0.0	0.0	0.0	6.0	16.0	0.0	0.0	0.0	0.0	0.0	0.0	0.0	0.0	0.0	0.0	1.0	0.0	0.0	0.0	0.0	3.0	1.0	0.0	0.0	0.0	0.0
k__Bacteria;p__Proteobacteria;c__Epsilonproteobacteria;o__Campylobacterales;f__Helicobacteraceae	0.0	0.0	0.0	0.0	0.0	0.0	0.0	0.0	0.0	0.0	0.0	0.0	0.0	0.0	0.0	0.0	0.0	0.0	0.0	0.0	0.0	0.0	0.0	0.0	0.0	0.0	0.0	0.0	0.0	0.0	0.0	0.0	0.0	0.0	0.0	0.0	0.0	0.0	0.0	0.0	0.0	0.0	0.0	0.0	0.0	0.0	0.0	0.0	0.0	0.0	0.0	0.0	0.0	0.0	0.0	0.0	0.0	0.0	0.0	0.0	0.0	0.0	0.0	1.0	0.0	1.0	0.0	0.0	0.0	0.0
k__Bacteria;p__Proteobacteria;c__Gammaproteobacteria;o__Aeromonadales;f__Aeromonadaceae	1.0	3.0	2.0	0.0	0.0	0.0	0.0	0.0	0.0	0.0	4.0	0.0	0.0	0.0	0.0	0.0	2.0	1.0	0.0	0.0	0.0	0.0	1.0	0.0	1.0	0.0	0.0	0.0	0.0	1.0	0.0	0.0	2.0	2.0	1.0	0.0	0.0	0.0	0.0	1.0	0.0	0.0	0.0	0.0	0.0	0.0	0.0	0.0	0.0	0.0	0.0	0.0	0.0	0.0	0.0	0.0	0.0	0.0	0.0	0.0	0.0	0.0	0.0	0.0	0.0	0.0	0.0	0.0	0.0	0.0
k__Bacteria;p__Proteobacteria;c__Gammaproteobacteria;o__Aeromonadales;f__Succinivibrionaceae	0.0	0.0	0.0	0.0	0.0	0.0	0.0	0.0	0.0	0.0	0.0	0.0	0.0	0.0	0.0	2.0	0.0	0.0	130.0	0.0	0.0	0.0	0.0	654.0	0.0	0.0	0.0	0.0	0.0	0.0	0.0	0.0	0.0	0.0	0.0	0.0	0.0	0.0	0.0	0.0	0.0	0.0	0.0	0.0	0.0	0.0	0.0	0.0	0.0	0.0	0.0	0.0	0.0	0.0	0.0	0.0	0.0	0.0	0.0	0.0	0.0	0.0	0.0	0.0	0.0	0.0	0.0	0.0	0.0	311.0
k__Bacteria;p__Proteobacteria;c__Gammaproteobacteria;o__Cardiobacteriales;f__Cardiobacteriaceae	0.0	0.0	0.0	0.0	0.0	0.0	0.0	0.0	0.0	0.0	0.0	0.0	0.0	0.0	0.0	0.0	0.0	0.0	0.0	1.0	0.0	0.0	0.0	0.0	0.0	0.0	0.0	0.0	0.0	0.0	0.0	0.0	0.0	0.0	0.0	0.0	0.0	0.0	0.0	0.0	0.0	0.0	0.0	0.0	0.0	0.0	0.0	0.0	0.0	0.0	0.0	0.0	0.0	0.0	0.0	0.0	0.0	0.0	0.0	0.0	0.0	0.0	0.0	0.0	0.0	0.0	0.0	0.0	0.0	0.0
k__Bacteria;p__Proteobacteria;c__Gammaproteobacteria;o__Enterobacteriales;f__Enterobacteriaceae	1319.0	3570.0	221.0	32.0	113.0	41.0	638.0	2125.0	342.0	1216.0	1716.0	422.0	105.0	95.0	844.0	41.0	94.0	31.0	35.0	209.0	1273.0	67.0	1815.0	1077.0	134.0	13.0	2434.0	2038.0	3665.0	5.0	3.0	13.0	72.0	568.0	32.0	1815.0	1305.0	70.0	274.0	1012.0	3475.0	2611.0	1295.0	635.0	3778.0	0.0	1054.0	0.0	261.0	12.0	16.0	3.0	1562.0	529.0	405.0	132.0	2659.0	3965.0	2534.0	184.0	476.0	1786.0	264.0	2962.0	1993.0	24.0	1081.0	2311.0	65.0	614.0
k__Bacteria;p__Proteobacteria;c__Gammaproteobacteria;o__Pasteurellales;f__Pasteurellaceae	0.0	56.0	6.0	0.0	0.0	0.0	0.0	5.0	125.0	31.0	28.0	32.0	0.0	3.0	0.0	0.0	0.0	1.0	0.0	5.0	6.0	0.0	0.0	0.0	0.0	36.0	3.0	0.0	0.0	0.0	0.0	10.0	5.0	37.0	6.0	0.0	0.0	0.0	0.0	0.0	5.0	0.0	0.0	0.0	0.0	6.0	4.0	0.0	3.0	0.0	0.0	1.0	0.0	1.0	1.0	1.0	7.0	1.0	0.0	56.0	0.0	9.0	1.0	1.0	0.0	14.0	0.0	0.0	1.0	131.0
k__Bacteria;p__Proteobacteria;c__Gammaproteobacteria;o__Pseudomonadales;f__Moraxellaceae	1.0	0.0	0.0	0.0	0.0	0.0	0.0	0.0	0.0	1.0	0.0	0.0	0.0	0.0	0.0	0.0	1.0	0.0	0.0	0.0	0.0	0.0	0.0	0.0	0.0	0.0	0.0	0.0	0.0	0.0	0.0	0.0	1.0	0.0	0.0	0.0	0.0	0.0	0.0	0.0	0.0	0.0	0.0	0.0	0.0	0.0	0.0	0.0	0.0	0.0	0.0	0.0	0.0	0.0	0.0	0.0	0.0	0.0	0.0	0.0	0.0	0.0	0.0	0.0	1.0	0.0	0.0	1.0	0.0	0.0
k__Bacteria;p__Proteobacteria;c__Gammaproteobacteria;o__Pseudomonadales;f__Pseudomonadaceae	1.0	2.0	1.0	0.0	0.0	0.0	0.0	0.0	0.0	0.0	0.0	0.0	0.0	0.0	0.0	0.0	0.0	0.0	0.0	0.0	0.0	0.0	0.0	65.0	0.0	0.0	0.0	1.0	0.0	0.0	0.0	0.0	2.0	1.0	0.0	0.0	1.0	0.0	2.0	1.0	0.0	9.0	0.0	0.0	0.0	0.0	0.0	608.0	91.0	0.0	0.0	0.0	0.0	0.0	0.0	1.0	23.0	0.0	0.0	0.0	0.0	0.0	0.0	1.0	0.0	1.0	1.0	0.0	0.0	0.0
k__Bacteria;p__Proteobacteria;c__unassigned;o__unassigned;f__unassigned	0.0	0.0	0.0	0.0	0.0	0.0	0.0	0.0	0.0	0.0	0.0	0.0	0.0	0.0	0.0	0.0	0.0	0.0	0.0	0.0	0.0	0.0	0.0	0.0	0.0	0.0	0.0	0.0	0.0	0.0	0.0	0.0	0.0	0.0	0.0	0.0	0.0	0.0	0.0	0.0	0.0	0.0	0.0	0.0	0.0	0.0	0.0	0.0	0.0	0.0	0.0	9.0	0.0	0.0	0.0	0.0	0.0	0.0	0.0	0.0	0.0	0.0	0.0	0.0	0.0	0.0	0.0	1.0	0.0	0.0
k__Bacteria;p__Synergistetes;c__Synergistia;o__Synergistales;f__Synergistaceae	0.0	0.0	0.0	0.0	20.0	0.0	0.0	7.0	9.0	1.0	0.0	0.0	3.0	0.0	2.0	6.0	1.0	0.0	0.0	2.0	0.0	0.0	0.0	100.0	0.0	0.0	0.0	0.0	0.0	1.0	1.0	1.0	0.0	0.0	52.0	20.0	64.0	0.0	0.0	0.0	0.0	28.0	22.0	2.0	0.0	22.0	0.0	0.0	0.0	0.0	0.0	0.0	0.0	20.0	0.0	39.0	0.0	1.0	3.0	0.0	0.0	0.0	0.0	0.0	0.0	0.0	0.0	13.0	0.0	0.0
k__Bacteria;p__TM7;c__Incertae_sedis;o__Incertae_sedis;f__Incertae_sedis	0.0	0.0	2.0	1.0	0.0	1.0	0.0	0.0	1.0	1.0	0.0	4.0	1.0	1.0	1.0	4.0	2.0	0.0	0.0	2.0	0.0	0.0	0.0	0.0	0.0	18.0	0.0	1.0	0.0	1.0	0.0	0.0	2.0	2.0	0.0	0.0	0.0	0.0	2.0	0.0	0.0	0.0	1.0	0.0	0.0	1.0	0.0	0.0	0.0	4.0	4.0	2.0	0.0	3.0	0.0	0.0	1.0	0.0	0.0	0.0	0.0	0.0	2.0	0.0	0.0	0.0	1.0	0.0	0.0	0.0
k__Bacteria;p__Verrucomicrobia;c__Opitutae;o__Puniceicoccales;f__Puniceicoccaceae	0.0	0.0	0.0	0.0	0.0	0.0	0.0	0.0	0.0	0.0	0.0	0.0	0.0	0.0	0.0	11.0	0.0	0.0	0.0	0.0	0.0	0.0	0.0	0.0	0.0	0.0	0.0	0.0	0.0	0.0	0.0	0.0	0.0	0.0	0.0	0.0	62.0	0.0	0.0	0.0	0.0	0.0	0.0	0.0	0.0	0.0	0.0	0.0	0.0	0.0	0.0	0.0	0.0	0.0	0.0	0.0	0.0	0.0	0.0	0.0	0.0	0.0	0.0	0.0	0.0	0.0	0.0	0.0	0.0	0.0
k__Bacteria;p__Verrucomicrobia;c__Verrucomicrobiae;o__Verrucomicrobiales;f__Verrucomicrobiaceae	193.0	5.0	0.0	197.0	282.0	0.0	0.0	1.0	0.0	2.0	1192.0	0.0	2549.0	4.0	255.0	2.0	113.0	262.0	16.0	255.0	2.0	624.0	0.0	1.0	2335.0	34.0	1.0	1.0	2.0	1.0	5.0	1.0	7.0	5.0	312.0	2941.0	105.0	2974.0	26.0	2127.0	68.0	17.0	2250.0	1287.0	0.0	273.0	0.0	1.0	0.0	1.0	4.0	520.0	1594.0	1.0	14.0	116.0	285.0	4.0	5.0	0.0	0.0	0.0	137.0	10.0	0.0	24.0	508.0	3.0	3.0	1.0
k__Bacteria;p__unassigned;c__unassigned;o__unassigned;f__unassigned	8.0	3.0	0.0	3.0	0.0	0.0	0.0	6.0	2.0	20.0	0.0	0.0	2.0	2.0	54.0	23.0	3.0	0.0	1.0	1.0	1.0	1.0	0.0	1508.0	27.0	72.0	4.0	1.0	2.0	2.0	16.0	3.0	5.0	0.0	3.0	1.0	3.0	6.0	22.0	0.0	1.0	0.0	3.0	10.0	5.0	59.0	2.0	2.0	6.0	9.0	3.0	210.0	4.0	8.0	2.0	9.0	3.0	2.0	2.0	1.0	0.0	1.0	8.0	5.0	0.0	4.0	9.0	4.0	5.0	0.0
