Feature	Inclusion	Comparator	Fixed SMD	Rand SMD	Fixed P	Rand P	I2	Tau	Chaput	Frankel	Gopalakrishnan	Matson	Routy NSCLC	Routy RCC
Acidaminococcus_fermentans-1	UseforMeta	Response	-0.0343	-0.0343	0.7744	0.7744	0.0%	0	3.84615384615385	5.12820512820513	0	2.38095238095238	6.89655172413793	15.1515151515152
Acidaminococcus_intestinalis:Acidaminococcus_intestini-2	UseforMeta	Response	-0.0296	-0.0296	0.8048	0.8048	0.0%	0	3.84615384615385	0	30.2325581395349	21.4285714285714	0	0
Acidaminococcus_intestini-3	UseforMeta	Response	0.1433	0.1433	0.2313	0.2313	0.0%	0	0	2.56410256410256	0	0	17.2413793103448	16.6666666666667
Acidaminococcus_unclassified-4	UseforMeta	Response	-0.0011	-0.0011	0.9929	0.9929	0.0%	0	0	41.025641025641	0	0	26.4367816091954	13.6363636363636
Actinomyces_graevenitzii-5	UseforMeta	Response	-0.2330	-0.2300	0.0541	0.1983	51.1%	0.0955	0	46.1538461538462	4.65116279069767	4.76190476190476	16.0919540229885	6.06060606060606
Actinomyces_odontolyticus-6	UseforMeta	Response	-0.0551	-0.0656	0.6467	0.6247	17.1%	0.0185	7.69230769230769	74.3589743589744	6.97674418604651	33.3333333333333	6.89655172413793	3.03030303030303
Actinomyces_oris-7	UseforMeta	Response	-0.0640	-0.0640	0.5927	0.5927	0.0%	0	0	28.2051282051282	0	0	0	0
Actinomyces_turicensis-8	UseforMeta	Response	0.0358	0.0358	0.7646	0.7646	0.0%	0	0	7.69230769230769	0	2.38095238095238	0	6.06060606060606
Actinomyces_viscosus-9	UseforMeta	Response	-0.1157	-0.1157	0.3342	0.3342	0.0%	0	3.84615384615385	43.5897435897436	0	0	1.14942528735632	0
Adlercreutzia_equolifaciens-10	UseforMeta	Response	0.0566	0.0566	0.6363	0.6363	0.0%	0	46.1538461538462	79.4871794871795	0	0	39.0804597701149	66.6666666666667
Adlercreutzia_equolifaciens:Asaccharobacter_celatus-11	UseforMeta	Response	-0.1167	-0.1167	0.3302	0.3302	0.0%	0	34.6153846153846	0	20.9302325581395	66.6666666666667	0	0
Aggregatibacter_segnis-12	UseforMeta	Response	0.0019	0.0019	0.9871	0.9871	0.0%	0	0	0	4.65116279069767	0	1.14942528735632	1.51515151515152
Akkermansia_muciniphila-13	UseforMeta	Response	0.1689	0.1689	0.1597	0.1597	0.0%	0	3.84615384615385	94.8717948717949	60.4651162790698	92.8571428571429	56.3218390804598	68.1818181818182
Alistipes_finegoldii-14	UseforMeta	Response	-0.1223	-0.1204	0.3088	0.3495	10.8%	0.0109	53.8461538461538	84.6153846153846	76.7441860465116	71.4285714285714	68.9655172413793	81.8181818181818
Alistipes_finegoldii:Alistipes_senegalensis-15	UseforMeta	Response	-0.0655	-0.0655	0.5840	0.5840	0.0%	0	0	0	67.4418604651163	61.9047619047619	0	0
Alistipes_indistinctus-16	UseforMeta	Response	0.1172	0.1172	0.3278	0.3278	0.0%	0	34.6153846153846	53.8461538461538	27.906976744186	19.047619047619	58.6206896551724	65.1515151515152
Alistipes_massiliensis-17	UseforMeta	Response	-0.0488	-0.0488	0.6835	0.6835	0.0%	0	57.6923076923077	0	6.97674418604651	7.14285714285714	0	0
Alistipes_massiliensis:Alistipes_senegalensis-18	UseforMeta	Response	-0.0256	-0.0256	0.8304	0.8304	0.0%	0	26.9230769230769	0	0	0	0	0
Alistipes_onderdonkii-19	UseforMeta	Response	-0.1532	-0.1532	0.2008	0.2008	0.0%	0	73.0769230769231	92.3076923076923	62.7906976744186	83.3333333333333	67.816091954023	78.7878787878788
Alistipes_putredinis-20	UseforMeta	Response	0.1619	0.1619	0.1765	0.1765	0.0%	0	0	100	0	0	70.1149425287356	83.3333333333333
Alistipes_senegalensis-21	UseforMeta	Response	-0.1085	-0.1085	0.3658	0.3658	0.0%	0	57.6923076923077	58.974358974359	34.8837209302326	47.6190476190476	55.1724137931034	75.7575757575758
Alistipes_shahii-22	UseforMeta	Response	0.0919	0.0919	0.4438	0.4438	0.0%	0	53.8461538461538	92.3076923076923	55.8139534883721	69.0476190476191	63.2183908045977	87.8787878787879
Alistipes_sp_AP11-23	UseforMeta	Response	0.0657	0.0657	0.5825	0.5825	0.0%	0	0	23.0769230769231	0	0	22.9885057471264	30.3030303030303
Alistipes_unclassified-24	UseforMeta	Response	-0.0461	-0.0461	0.7005	0.7005	0.0%	0	0	23.0769230769231	0	0	36.7816091954023	27.2727272727273
Alloscardovia_omnicolens-25	UseforMeta	Response	-0.1561	-0.1561	0.1925	0.1925	0.0%	0	0	20.5128205128205	0	4.76190476190476	5.74712643678161	3.03030303030303
Anaerococcus_vaginalis-26	UseforMeta	Response	0.0229	0.0236	0.8489	0.8695	26.7%	0.0329	0	25.6410256410256	2.32558139534884	7.14285714285714	0	0
Anaerofustis_stercorihominis-27	UseforMeta	Response	-0.0243	-0.0243	0.8391	0.8391	0.0%	0	0	58.974358974359	4.65116279069767	28.5714285714286	1.14942528735632	0
Anaerostipes_butyraticus-28	UseforMeta	Response	-0.0138	-0.0138	0.9079	0.9079	0.0%	0	96.1538461538462	0	6.97674418604651	28.5714285714286	0	0
Anaerostipes_caccae-29	UseforMeta	Response	-0.0477	-0.0477	0.6908	0.6908	0.0%	0	3.84615384615385	23.0769230769231	25.5813953488372	26.1904761904762	5.74712643678161	0
Anaerostipes_hadrus-30	UseforMeta	Response	0.1969	0.1969	0.1007	0.1007	0.0%	0	0	87.1794871794872	0	0	43.6781609195402	69.6969696969697
Anaerostipes_unclassified-31	UseforMeta	Response	-0.1255	-0.1255	0.2946	0.2946	0.0%	0	0	20.5128205128205	0	0	20.6896551724138	1.51515151515152
Anaerotruncus_colihominis-32	UseforMeta	Response	-0.1519	-0.1519	0.2056	0.2056	0.0%	0	38.4615384615385	89.7435897435897	53.4883720930233	66.6666666666667	59.7701149425287	48.4848484848485
Anaerotruncus_unclassified-33	UseforMeta	Response	-0.0596	-0.0596	0.6190	0.6190	0.0%	0	0	82.0512820512821	0	0	58.6206896551724	66.6666666666667
Atopobium_parvulum-34	UseforMeta	Response	-0.1361	-0.1101	0.2586	0.4878	38.9%	0.0576	0	33.3333333333333	2.32558139534884	16.6666666666667	18.3908045977011	6.06060606060606
Bacteroidales_bacterium_ph8-35	UseforMeta	Response	0.1662	0.1662	0.1654	0.1654	0.0%	0	0	51.2820512820513	0	0	67.816091954023	83.3333333333333
Bacteroides_acidifaciens-36	UseforMeta	Response	-0.0619	-0.0619	0.6049	0.6049	0.0%	0	3.84615384615385	0	86.046511627907	83.3333333333333	0	0
Bacteroides_acidifaciens:Bacteroides_ovatus-37	UseforMeta	Response	0.0011	0.0011	0.9926	0.9926	0.0%	0	0	0	23.2558139534884	9.52380952380952	0	0
Bacteroides_acidifaciens:Bacteroides_uniformis-38	UseforMeta	Response	-0.0352	-0.0352	0.7681	0.7681	0.0%	0	0	0	25.5813953488372	9.52380952380952	0	0
Bacteroides_acidifaciens:Bacteroides_xylanisolvens-39	UseforMeta	Response	-0.0379	-0.0379	0.7514	0.7514	0.0%	0	7.69230769230769	0	32.5581395348837	42.8571428571429	0	0
Bacteroides_barnesiae-40	UseforMeta	Response	0.0619	0.0619	0.6056	0.6056	0.0%	0	3.84615384615385	2.56410256410256	0	0	1.14942528735632	0
Bacteroides_caccae-41	UseforMeta	Response	0.0787	0.0684	0.5133	0.6626	37.5%	0.0543	42.3076923076923	100	69.7674418604651	57.1428571428571	62.0689655172414	68.1818181818182
Bacteroides_caccae:Bacteroides_faecis:Bacteroides_thetaiotaomicron-42	UseforMeta	Response	-0.0112	-0.0112	0.9252	0.9252	0.0%	0	11.5384615384615	0	0	0	0	0
Bacteroides_cellulosilyticus-43	UseforMeta	Response	-0.0589	-0.0589	0.6220	0.6220	0.0%	0	42.3076923076923	87.1794871794872	44.1860465116279	57.1428571428571	58.6206896551724	69.6969696969697
Bacteroides_cellulosilyticus:Bacteroides_intestinalis-44	UseforMeta	Response	-0.1079	-0.1079	0.3673	0.3673	0.0%	0	50	0	6.97674418604651	7.14285714285714	0	0
Bacteroides_clarus-45	UseforMeta	Response	-0.0636	-0.0636	0.5951	0.5951	0.0%	0	23.0769230769231	15.3846153846154	6.97674418604651	4.76190476190476	27.5862068965517	50
Bacteroides_coprocola-46	UseforMeta	Response	-0.2786	-0.2786	0.0207	0.0207	0.0%	0	7.69230769230769	15.3846153846154	4.65116279069767	2.38095238095238	14.9425287356322	22.7272727272727
Bacteroides_coprophilus-47	UseforMeta	Response	-0.1063	-0.1063	0.3754	0.3754	0.0%	0	3.84615384615385	17.9487179487179	6.97674418604651	0	6.89655172413793	13.6363636363636
Bacteroides_dorei-48	UseforMeta	Response	-0.0220	-0.0220	0.8540	0.8540	0.0%	0	73.0769230769231	92.3076923076923	88.3720930232558	88.0952380952381	72.4137931034483	84.8484848484848
Bacteroides_dorei:Bacteroides_vulgatus-49	UseforMeta	Response	-0.0111	-0.0111	0.9263	0.9263	0.0%	0	19.2307692307692	0	20.9302325581395	42.8571428571429	0	0
Bacteroides_eggerthii-50	UseforMeta	Response	-0.0612	-0.0725	0.6106	0.6042	22.9%	0.0268	23.0769230769231	30.7692307692308	16.2790697674419	14.2857142857143	28.735632183908	34.8484848484849
Bacteroides_faecichinchillae:Bacteroides_faecis:Bacteroides_thetaiotaomicro-51	UseforMeta	Response	-0.0942	-0.0942	0.4314	0.4314	0.0%	0	0	0	76.7441860465116	78.5714285714286	0	0
Bacteroides_faecis-52	UseforMeta	Response	0.0217	0.0365	0.8570	0.8199	40.3%	0.0610	11.5384615384615	71.7948717948718	0	0	20.6896551724138	40.9090909090909
Bacteroides_faecis:Bacteroides_thetaiotaomicron-53	UseforMeta	Response	-0.0026	-0.0026	0.9827	0.9827	0.0%	0	50	0	0	0	0	0
Bacteroides_finegoldii-54	UseforMeta	Response	0.0048	0.0048	0.9680	0.9680	0.0%	0	26.9230769230769	74.3589743589744	60.4651162790698	54.7619047619048	29.8850574712644	37.8787878787879
Bacteroides_finegoldii:Bacteroides_xylanisolvens-55	UseforMeta	Response	0.0201	0.0201	0.8666	0.8666	0.0%	0	0	0	18.6046511627907	14.2857142857143	0	0
Bacteroides_fluxus-56	UseforMeta	Response	0.1368	0.1368	0.2538	0.2538	0.0%	0	3.84615384615385	0	9.30232558139535	19.047619047619	1.14942528735632	1.51515151515152
Bacteroides_fragilis-57	UseforMeta	Response	-0.2687	-0.2748	0.0260	0.0568	26.5%	0.0328	53.8461538461538	74.3589743589744	60.4651162790698	45.2380952380952	65.5172413793103	51.5151515151515
Bacteroides_intestinalis-58	UseforMeta	Response	-0.0922	-0.0922	0.4419	0.4419	0.0%	0	7.69230769230769	84.6153846153846	20.9302325581395	33.3333333333333	18.3908045977011	25.7575757575758
Bacteroides_massiliensis-59	UseforMeta	Response	-0.0677	-0.0960	0.5743	0.5827	49.2%	0.0878	38.4615384615385	97.4358974358974	27.906976744186	35.7142857142857	33.3333333333333	39.3939393939394
Bacteroides_nordii-60	UseforMeta	Response	-0.0622	-0.0646	0.6043	0.6041	6.0%	0.0058	23.0769230769231	46.1538461538462	23.2558139534884	30.952380952381	31.0344827586207	39.3939393939394
Bacteroides_oleiciplenus-61	UseforMeta	Response	-0.1785	-0.1785	0.1365	0.1365	0.0%	0	0	7.69230769230769	0	0	2.29885057471264	6.06060606060606
Bacteroides_oleiciplenus:Bacteroides_stercorirosoris-62	UseforMeta	Response	-0.0175	-0.0175	0.8833	0.8833	0.0%	0	0	0	20.9302325581395	14.2857142857143	0	0
Bacteroides_ovatus-63	UseforMeta	Response	-0.0062	-0.0139	0.9590	0.9269	33.7%	0.0458	73.0769230769231	100	88.3720930232558	92.8571428571429	80.4597701149425	90.9090909090909
Bacteroides_ovatus:Bacteroides_xylanisolvens-64	UseforMeta	Response	0.0540	0.0540	0.6519	0.6519	0.0%	0	0	0	41.8604651162791	71.4285714285714	0	0
Bacteroides_plebeius-65	UseforMeta	Response	-0.0186	-0.0186	0.8769	0.8774	0.4%	0.0003	19.2307692307692	66.6666666666667	13.953488372093	4.76190476190476	20.6896551724138	22.7272727272727
Bacteroides_rodentium-66	UseforMeta	Response	-0.0311	-0.0311	0.7947	0.7947	0.0%	0	3.84615384615385	0	46.5116279069767	35.7142857142857	0	0
Bacteroides_rodentium:Bacteroides_uniformis-67	UseforMeta	Response	-0.0047	-0.0047	0.9690	0.9690	0.0%	0	0	0	34.8837209302326	35.7142857142857	0	0
Bacteroides_salyersiae-68	UseforMeta	Response	-0.0554	-0.0554	0.6439	0.6439	0.0%	0	19.2307692307692	20.5128205128205	16.2790697674419	26.1904761904762	25.2873563218391	24.2424242424242
Bacteroides_sp_1_1_6-69	UseforMeta	Response	-0.0741	-0.0741	0.5358	0.5358	0.0%	0	0	5.12820512820513	0	0	2.29885057471264	7.57575757575758
Bacteroides_sp_2_1_22-70	UseforMeta	Response	-0.0302	-0.0302	0.8012	0.8012	0.0%	0	0	7.69230769230769	0	0	3.44827586206897	3.03030303030303
Bacteroides_stercoris-71	UseforMeta	Response	-0.1615	-0.1555	0.1802	0.3138	35.4%	0.0498	46.1538461538462	97.4358974358974	60.4651162790698	42.8571428571429	41.3793103448276	57.5757575757576
Bacteroides_thetaiotaomicron-72	UseforMeta	Response	-0.2203	-0.2203	0.0669	0.0669	0.0%	0	73.0769230769231	100	4.65116279069767	16.6666666666667	71.2643678160919	84.8484848484848
Bacteroides_uniformis-73	UseforMeta	Response	-0.2043	-0.2043	0.0883	0.0883	0.0%	0	92.3076923076923	100	95.3488372093023	90.4761904761905	87.3563218390805	98.4848484848485
Bacteroides_uniformis:Bacteroides_xylanisolvens-74	UseforMeta	Response	-0.0855	-0.0855	0.4748	0.4748	0.0%	0	0	0	23.2558139534884	2.38095238095238	0	0
Bacteroides_vulgatus-75	UseforMeta	Response	-0.0859	-0.1054	0.4757	0.5283	44.7%	0.0731	84.6153846153846	100	93.0232558139535	95.2380952380952	80.4597701149425	93.9393939393939
Bacteroides_xylanisolvens-76	UseforMeta	Response	-0.0460	-0.0401	0.7022	0.7798	26.4%	0.0324	80.7692307692308	89.7435897435897	74.4186046511628	73.8095238095238	60.9195402298851	77.2727272727273
Barnesiella_intestinihominis-77	UseforMeta	Response	0.0699	0.0710	0.5604	0.5594	2.1%	0.0019	69.2307692307692	82.0512820512821	27.906976744186	28.5714285714286	58.6206896551724	78.7878787878788
Bifidobacterium_adolescentis-78	UseforMeta	Response	-0.1069	-0.1069	0.3724	0.3724	0.0%	0	7.69230769230769	74.3589743589744	0	0	27.5862068965517	46.969696969697
Bifidobacterium_adolescentis:Bifidobacterium_stercoris-79	UseforMeta	Response	0.0696	0.0696	0.5608	0.5608	0.0%	0	46.1538461538462	0	23.2558139534884	35.7142857142857	0	0
Bifidobacterium_animalis-80	UseforMeta	Response	0.0720	0.0720	0.5473	0.5473	0.0%	0	15.3846153846154	20.5128205128205	0	0	6.89655172413793	15.1515151515152
Bifidobacterium_bifidum-81	UseforMeta	Response	0.1337	0.1337	0.2652	0.2652	0.0%	0	19.2307692307692	35.8974358974359	4.65116279069767	19.047619047619	18.3908045977011	15.1515151515152
Bifidobacterium_breve-82	UseforMeta	Response	0.0338	0.0384	0.7783	0.7571	5.4%	0.0051	11.5384615384615	15.3846153846154	0	4.76190476190476	4.59770114942529	4.54545454545455
Bifidobacterium_breve:Bifidobacterium_longum-83	UseforMeta	Response	0.0525	0.0525	0.6611	0.6611	0.0%	0	0	0	32.5581395348837	54.7619047619048	0	0
Bifidobacterium_catenulatum-84	UseforMeta	Response	0.0131	0.0131	0.9131	0.9131	0.0%	0	0	17.9487179487179	0	0	5.74712643678161	7.57575757575758
Bifidobacterium_catenulatum:Bifidobacterium_kashiwanohense:Bifidobacterium_-85	UseforMeta	Response	-0.0054	-0.0054	0.9641	0.9641	0.0%	0	42.3076923076923	0	16.2790697674419	21.4285714285714	0	0
Bifidobacterium_dentium-86	UseforMeta	Response	-0.0746	-0.1038	0.5361	0.5414	46.4%	0.0786	19.2307692307692	33.3333333333333	13.953488372093	19.047619047619	39.0804597701149	27.2727272727273
Bifidobacterium_longum-87	UseforMeta	Response	0.0868	0.0868	0.4690	0.4690	0.0%	0	69.2307692307692	84.6153846153846	0	4.76190476190476	55.1724137931034	72.7272727272727
Bifidobacterium_pseudocatenulatum-88	UseforMeta	Response	0.0546	0.0546	0.6480	0.6480	0.0%	0	0	28.2051282051282	0	0	13.7931034482759	19.6969696969697
Bilophila_unclassified-89	UseforMeta	Response	0.0350	0.0350	0.7697	0.7697	0.0%	0	0	79.4871794871795	0	0	72.4137931034483	90.9090909090909
Bilophila_wadsworthia-90	UseforMeta	Response	-0.0735	-0.0970	0.5410	0.5092	29.6%	0.0379	65.3846153846154	79.4871794871795	65.1162790697674	66.6666666666667	65.5172413793103	78.7878787878788
Blautia_coccoides:Blautia_hansenii:Blautia_producta-91	UseforMeta	Response	-0.0613	-0.0613	0.6093	0.6093	0.0%	0	46.1538461538462	0	4.65116279069767	7.14285714285714	0	0
Blautia_coccoides:Blautia_producta-92	UseforMeta	Response	-0.0086	-0.0086	0.9429	0.9429	0.0%	0	15.3846153846154	0	25.5813953488372	21.4285714285714	0	0
Blautia_faecis-93	UseforMeta	Response	-0.1524	-0.1524	0.2040	0.2040	0.0%	0	88.4615384615385	0	81.3953488372093	83.3333333333333	0	0
Blautia_faecis:Blautia_glucerasea-94	UseforMeta	Response	-0.0716	-0.0716	0.5496	0.5496	0.0%	0	38.4615384615385	0	0	2.38095238095238	0	0
Blautia_faecis:Blautia_glucerasea:Coprococcus_catus-95	UseforMeta	Response	-0.0548	-0.0548	0.6474	0.6474	0.0%	0	19.2307692307692	0	0	0	0	0
Blautia_glucerasea-96	UseforMeta	Response	-0.0398	-0.0398	0.7392	0.7392	0.0%	0	30.7692307692308	0	44.1860465116279	73.8095238095238	0	0
Blautia_glucerasea:Blautia_luti:Blautia_schinkii-97	UseforMeta	Response	-0.0239	-0.0239	0.8417	0.8417	0.0%	0	3.84615384615385	0	0	0	0	0
Blautia_glucerasea:Blautia_schinkii-98	UseforMeta	Response	0.0586	0.0586	0.6244	0.6244	0.0%	0	42.3076923076923	0	0	0	0	0
Blautia_hansenii-99	UseforMeta	Response	-0.0780	-0.0780	0.5156	0.5156	0.0%	0	15.3846153846154	15.3846153846154	67.4418604651163	76.1904761904762	1.14942528735632	0
Blautia_hydrogenotrophica-100	UseforMeta	Response	-0.0127	-0.0127	0.9156	0.9156	0.0%	0	0	69.2307692307692	0	0	10.3448275862069	4.54545454545455
Blautia_luti-101	UseforMeta	Response	0.0677	0.0677	0.5715	0.5715	0.0%	0	84.6153846153846	0	69.7674418604651	85.7142857142857	0	0
Blautia_luti:Blautia_wexlerae-102	UseforMeta	Response	-0.0324	-0.0324	0.7863	0.7863	0.0%	0	96.1538461538462	0	11.6279069767442	19.047619047619	0	0
Blautia_producta-103	UseforMeta	Response	-0.0992	-0.0992	0.4072	0.4072	0.0%	0	0	76.9230769230769	0	0	29.8850574712644	6.06060606060606
Blautia_schinkii-104	UseforMeta	Response	-0.0034	-0.0034	0.9772	0.9772	0.0%	0	42.3076923076923	0	67.4418604651163	83.3333333333333	0	0
Blautia_schinkii:Ruminococcus_lactaris-105	UseforMeta	Response	0.0602	0.0602	0.6147	0.6147	0.0%	0	0	0	4.65116279069767	19.047619047619	0	0
Blautia_wexlerae-106	UseforMeta	Response	0.0720	0.0720	0.5472	0.5472	0.0%	0	92.3076923076923	0	90.6976744186046	92.8571428571429	0	0
Burkholderiales_bacterium_1_1_47-107	UseforMeta	Response	-0.0616	-0.0616	0.6066	0.6066	0.0%	0	0	51.2820512820513	0	0	51.7241379310345	51.5151515151515
Butyribacterium_methylotrophicum:Eubacterium_callanderi:Eubacterium_limosum-108	UseforMeta	Response	0.0349	0.0349	0.7703	0.7703	0.0%	0	3.84615384615385	0	2.32558139534884	14.2857142857143	0	0
Butyricicoccus_pullicaecorum-109	UseforMeta	Response	0.0412	0.0388	0.7313	0.7620	10.4%	0.0104	3.84615384615385	17.9487179487179	18.6046511627907	4.76190476190476	14.9425287356322	6.06060606060606
Butyricimonas_synergistica-110	UseforMeta	Response	0.0822	0.0822	0.4920	0.4920	0.0%	0	0	10.2564102564103	2.32558139534884	0	19.5402298850575	21.2121212121212
Butyricimonas_virosa-111	UseforMeta	Response	-0.0950	-0.0950	0.4274	0.4274	0.0%	0	23.0769230769231	0	23.2558139534884	35.7142857142857	0	0
Butyrivibrio_crossotus-112	UseforMeta	Response	0.0418	0.0418	0.7268	0.7268	0.0%	0	0	12.8205128205128	0	0	5.74712643678161	6.06060606060606
Butyrivibrio_unclassified-113	UseforMeta	Response	-0.0715	-0.0715	0.5508	0.5508	0.0%	0	0	2.56410256410256	0	0	5.74712643678161	4.54545454545455
Campylobacter_concisus-114	UseforMeta	Response	0.0143	0.0143	0.9050	0.9050	0.0%	0	0	0	4.65116279069767	2.38095238095238	2.29885057471264	1.51515151515152
Campylobacter_gracilis-115	UseforMeta	Response	-0.1419	-0.1164	0.2391	0.4720	41.0%	0.0632	3.84615384615385	2.56410256410256	4.65116279069767	4.76190476190476	8.04597701149425	1.51515151515152
Catenibacterium_mitsuokai-116	UseforMeta	Response	0.0539	0.0515	0.6532	0.6811	6.9%	0.0067	0	15.3846153846154	9.30232558139535	9.52380952380952	8.04597701149425	10.6060606060606
Christensenella_minuta-117	UseforMeta	Response	-0.0139	-0.0139	0.9073	0.9073	0.0%	0	7.69230769230769	0	2.32558139534884	16.6666666666667	0	0
Citrobacter_freundii-118	UseforMeta	Response	-0.0252	-0.0252	0.8332	0.8332	0.0%	0	7.69230769230769	10.2564102564103	2.32558139534884	4.76190476190476	9.19540229885057	6.06060606060606
Citrobacter_unclassified-119	UseforMeta	Response	0.0235	0.0235	0.8444	0.8444	0.0%	0	0	7.69230769230769	0	0	9.19540229885057	9.09090909090909
Cloacibacillus_evryensis-120	UseforMeta	Response	0.0594	0.0594	0.6192	0.6192	0.0%	0	0	0	2.32558139534884	19.047619047619	0	0
Clostridiaceae_bacterium_JC118-121	UseforMeta	Response	0.1072	0.0691	0.3733	0.6456	32.5%	0.0435	0	58.974358974359	0	0	25.2873563218391	34.8484848484849
Clostridiales_bacterium_1_7_47FAA-122	UseforMeta	Response	-0.0125	-0.0125	0.9166	0.9166	0.0%	0	0	89.7435897435897	0	0	62.0689655172414	57.5757575757576
Clostridium_aerotolerans:Clostridium_hathewayi:Clostridium_xylanolyticum-123	UseforMeta	Response	-0.0345	-0.0345	0.7729	0.7729	0.0%	0	7.69230769230769	0	0	0	0	0
Clostridium_aerotolerans:Clostridium_xylanolyticum-124	UseforMeta	Response	0.0043	0.0043	0.9711	0.9711	0.0%	0	73.0769230769231	0	0	0	0	0
Clostridium_aldenense-125	UseforMeta	Response	-0.0075	-0.0075	0.9501	0.9501	0.0%	0	69.2307692307692	0	46.5116279069767	50	0	0
Clostridium_aldenense:Clostridium_indolis-126	UseforMeta	Response	0.0293	0.0293	0.8063	0.8063	0.0%	0	0	0	11.6279069767442	35.7142857142857	0	0
Clostridium_asparagiforme-127	UseforMeta	Response	-0.0135	-0.0135	0.9104	0.9104	0.0%	0	34.6153846153846	92.3076923076923	0	0	72.4137931034483	75.7575757575758
Clostridium_asparagiforme:Clostridium_lavalense-128	UseforMeta	Response	-0.0354	-0.0354	0.7672	0.7672	0.0%	0	3.84615384615385	0	72.0930232558139	78.5714285714286	0	0
Clostridium_asparagiforme:Clostridium_symbiosum-129	UseforMeta	Response	0.0568	0.0568	0.6356	0.6356	0.0%	0	23.0769230769231	0	0	0	0	0
Clostridium_bartlettii-130	UseforMeta	Response	-0.0249	-0.0282	0.8359	0.8302	13.9%	0.0145	57.6923076923077	87.1794871794872	39.5348837209302	61.9047619047619	57.4712643678161	51.5151515151515
Clostridium_bartlettii:Clostridium_irregulare-131	UseforMeta	Response	-0.0432	-0.0432	0.7180	0.7180	0.0%	0	11.5384615384615	0	0	0	0	0
Clostridium_bolteae-132	UseforMeta	Response	-0.2297	-0.2297	0.0560	0.0560	0.0%	0	0	100	0	0	88.5057471264368	87.8787878787879
Clostridium_bolteae:Clostridium_citroniae:Clostridium_clostridioforme-133	UseforMeta	Response	-0.0969	-0.0969	0.4185	0.4185	0.0%	0	15.3846153846154	0	0	4.76190476190476	0	0
Clostridium_bolteae:Clostridium_clostridioforme-134	UseforMeta	Response	-0.0228	-0.0228	0.8487	0.8487	0.0%	0	69.2307692307692	0	90.6976744186046	83.3333333333333	0	0
Clostridium_butyricum-135	UseforMeta	Response	0.0560	0.0577	0.6408	0.6586	13.1%	0.0136	3.84615384615385	5.12820512820513	2.32558139534884	7.14285714285714	0	0
Clostridium_celatum-136	UseforMeta	Response	-0.0346	-0.0346	0.7728	0.7728	0.0%	0	26.9230769230769	2.56410256410256	34.8837209302326	35.7142857142857	1.14942528735632	4.54545454545455
Clostridium_chauvoei-137	UseforMeta	Response	-0.0527	-0.0527	0.6595	0.6595	0.0%	0	0	0	11.6279069767442	23.8095238095238	0	0
Clostridium_citroniae-138	UseforMeta	Response	-0.1788	-0.1788	0.1366	0.1366	0.0%	0	19.2307692307692	84.6153846153846	46.5116279069767	42.8571428571429	64.367816091954	75.7575757575758
Clostridium_clostridioforme-139	UseforMeta	Response	-0.0782	-0.0782	0.5144	0.5144	0.0%	0	0	94.8717948717949	2.32558139534884	0	51.7241379310345	37.8787878787879
Clostridium_cocleatum-140	UseforMeta	Response	-0.0170	-0.0170	0.8869	0.8869	0.0%	0	0	0	9.30232558139535	14.2857142857143	0	0
Clostridium_difficile-141	UseforMeta	Response	0.0572	0.0572	0.6327	0.6327	0.0%	0	0	0	11.6279069767442	11.9047619047619	1.14942528735632	1.51515151515152
Clostridium_glycolicum-142	UseforMeta	Response	-0.1864	-0.1864	0.1204	0.1204	0.0%	0	0	10.2564102564103	16.2790697674419	11.9047619047619	1.14942528735632	3.03030303030303
Clostridium_glycyrrhizinilyticum-143	UseforMeta	Response	-0.1153	-0.1153	0.3358	0.3358	0.0%	0	65.3846153846154	0	41.8604651162791	45.2380952380952	0	0
Clostridium_hathewayi-144	UseforMeta	Response	-0.2946	-0.2946	0.0144	0.0144	0.0%	0	84.6153846153846	100	86.046511627907	80.9523809523809	81.6091954022989	80.3030303030303
Clostridium_hathewayi:Clostridium_sulfatireducens-145	UseforMeta	Response	0.0843	0.0843	0.4808	0.4808	0.0%	0	0	0	39.5348837209302	54.7619047619048	0	0
Clostridium_hathewayi:Clostridium_symbiosum-146	UseforMeta	Response	-0.0024	-0.0024	0.9838	0.9838	0.0%	0	23.0769230769231	0	0	0	0	0
Clostridium_hylemonae-147	UseforMeta	Response	-0.2820	-0.2820	0.0189	0.0189	0.0%	0	30.7692307692308	17.9487179487179	60.4651162790698	52.3809523809524	4.59770114942529	3.03030303030303
Clostridium_indolis-148	UseforMeta	Response	0.0099	0.0099	0.9343	0.9343	0.0%	0	0	0	39.5348837209302	45.2380952380952	0	0
Clostridium_innocuum-149	UseforMeta	Response	-0.0732	-0.0732	0.5411	0.5411	0.0%	0	0	74.3589743589744	0	0	14.9425287356322	13.6363636363636
Clostridium_lactatifermentans-150	UseforMeta	Response	0.0431	0.0431	0.7191	0.7191	0.0%	0	15.3846153846154	0	37.2093023255814	57.1428571428571	0	0
Clostridium_lavalense-151	UseforMeta	Response	0.0127	0.0127	0.9156	0.9156	0.0%	0	34.6153846153846	0	0	0	0	0
Clostridium_leptum-152	UseforMeta	Response	-0.1255	-0.1255	0.2952	0.2952	0.0%	0	0	100	0	0	73.5632183908046	80.3030303030303
Clostridium_methylpentosum-153	UseforMeta	Response	-0.2419	-0.2419	0.0443	0.0443	0.0%	0	0	38.4615384615385	20.9302325581395	30.952380952381	8.04597701149425	3.03030303030303
Clostridium_nexile-154	UseforMeta	Response	-0.0268	-0.0016	0.8237	0.9920	36.4%	0.0519	7.69230769230769	56.4102564102564	25.5813953488372	16.6666666666667	21.8390804597701	19.6969696969697
Clostridium_oroticum-155	UseforMeta	Response	0.0801	0.0801	0.5031	0.5031	0.0%	0	69.2307692307692	0	34.8837209302326	50	0	0
Clostridium_paraputrificum-156	UseforMeta	Response	-0.0050	-0.0050	0.9667	0.9667	0.0%	0	3.84615384615385	0	13.953488372093	11.9047619047619	0	0
Clostridium_perfringens-157	UseforMeta	Response	0.0462	0.0462	0.6999	0.6999	0.0%	0	0	23.0769230769231	4.65116279069767	4.76190476190476	6.89655172413793	7.57575757575758
Clostridium_perfringens:Clostridium_thermophilus-158	UseforMeta	Response	0.0071	0.0071	0.9529	0.9529	0.0%	0	0	0	11.6279069767442	11.9047619047619	0	0
Clostridium_polysaccharolyticum-159	UseforMeta	Response	0.0431	0.0431	0.7186	0.7186	0.0%	0	19.2307692307692	0	0	0	0	0
Clostridium_populeti-160	UseforMeta	Response	0.0245	0.0245	0.8379	0.8379	0.0%	0	61.5384615384615	0	4.65116279069767	0	0	0
Clostridium_populeti:Ruminococcus_gauvreauii-161	UseforMeta	Response	-0.0493	-0.0493	0.6805	0.6805	0.0%	0	15.3846153846154	0	0	0	0	0
Clostridium_quinii-162	UseforMeta	Response	-0.0565	-0.0565	0.6366	0.6366	0.0%	0	19.2307692307692	0	0	2.38095238095238	0	0
Clostridium_ramosum-163	UseforMeta	Response	-0.0095	0.0225	0.9369	0.8871	38.9%	0.0577	3.84615384615385	74.3589743589744	44.1860465116279	66.6666666666667	47.1264367816092	15.1515151515152
Clostridium_ruminantium-164	UseforMeta	Response	0.0403	0.0403	0.7368	0.7368	0.0%	0	30.7692307692308	0	46.5116279069767	61.9047619047619	0	0
Clostridium_saccharolyticum-165	UseforMeta	Response	-0.0323	-0.0323	0.7870	0.7870	0.0%	0	65.3846153846154	0	0	0	0	0
Clostridium_scindens-166	UseforMeta	Response	0.0550	0.0550	0.6464	0.6464	0.0%	0	26.9230769230769	82.0512820512821	34.8837209302326	52.3809523809524	18.3908045977011	18.1818181818182
Clostridium_sp_KLE_1755-167	UseforMeta	Response	0.0816	0.0717	0.4981	0.6547	40.3%	0.0611	0	30.7692307692308	0	0	3.44827586206897	3.03030303030303
Clostridium_spiroforme-168	UseforMeta	Response	0.1075	0.1075	0.3694	0.3694	0.0%	0	0	17.9487179487179	30.2325581395349	54.7619047619048	0	0
Clostridium_sulfatireducens-169	UseforMeta	Response	-0.0485	-0.0485	0.6849	0.6849	0.0%	0	7.69230769230769	0	60.4651162790698	57.1428571428571	0	0
Clostridium_symbiosum-170	UseforMeta	Response	0.0418	0.0076	0.7289	0.9649	48.7%	0.0860	57.6923076923077	84.6153846153846	53.4883720930233	50	52.8735632183908	60.6060606060606
Collinsella_aerofaciens-171	UseforMeta	Response	0.0192	0.0267	0.8731	0.8434	18.1%	0.0199	57.6923076923077	100	37.2093023255814	54.7619047619048	47.1264367816092	62.1212121212121
Collinsella_intestinalis-172	UseforMeta	Response	0.1014	0.1014	0.3976	0.3976	0.0%	0	0	15.3846153846154	0	0	3.44827586206897	4.54545454545455
Collinsella_tanakaei-173	UseforMeta	Response	-0.0171	-0.0215	0.8869	0.8643	7.7%	0.0075	7.69230769230769	2.56410256410256	2.32558139534884	4.76190476190476	4.59770114942529	4.54545454545455
Collinsella_unclassified-174	UseforMeta	Response	-0.0806	-0.0806	0.5014	0.5014	0.0%	0	0	2.56410256410256	0	0	25.2873563218391	15.1515151515152
Coprobacillus_cateniformis-175	UseforMeta	Response	-0.0235	-0.0235	0.8439	0.8439	0.0%	0	0	0	9.30232558139535	26.1904761904762	0	0
Coprobacillus_unclassified-176	UseforMeta	Response	0.0436	0.0436	0.7150	0.7150	0.0%	0	0	79.4871794871795	0	0	60.9195402298851	34.8484848484849
Coprobacter_fastidiosus-177	UseforMeta	Response	-0.0228	-0.0265	0.8495	0.8351	9.5%	0.0094	38.4615384615385	28.2051282051282	18.6046511627907	23.8095238095238	37.9310344827586	45.4545454545455
Coprococcus_catus-178	UseforMeta	Response	0.0165	0.0165	0.8903	0.8903	0.0%	0	65.3846153846154	79.4871794871795	30.2325581395349	26.1904761904762	45.9770114942529	75.7575757575758
Coprococcus_comes-179	UseforMeta	Response	0.0312	-0.0767	0.7966	0.7128	64.1%	0.1627	84.6153846153846	92.3076923076923	46.5116279069767	59.5238095238095	54.0229885057471	78.7878787878788
Coprococcus_eutactus-180	UseforMeta	Response	0.0903	0.0903	0.4512	0.4512	0.0%	0	61.5384615384615	2.56410256410256	6.97674418604651	7.14285714285714	1.14942528735632	4.54545454545455
Coprococcus_sp_ART55_1-181	UseforMeta	Response	0.1097	0.1097	0.3599	0.3599	0.0%	0	0	10.2564102564103	0	0	9.19540229885057	28.7878787878788
Coriobacteriaceae_bacterium_phI-182	UseforMeta	Response	0.0481	0.0481	0.6876	0.6876	0.0%	0	0	0	0	0	25.2873563218391	15.1515151515152
Corynebacterium_durum-183	UseforMeta	Response	-0.0505	-0.0505	0.6730	0.6730	0.0%	0	0	25.6410256410256	2.32558139534884	7.14285714285714	0	1.51515151515152
Deinococcus_unclassified-184	UseforMeta	Response	-0.0349	-0.0349	0.7703	0.7703	0.0%	0	0	0	0	0	8.04597701149425	9.09090909090909
Desulfovibrio_desulfuricans-185	UseforMeta	Response	-0.0039	-0.0039	0.9742	0.9742	0.0%	0	0	61.5384615384615	0	0	50.5747126436782	56.0606060606061
Desulfovibrio_desulfuricans:Desulfovibrio_multispirans-186	UseforMeta	Response	0.0028	0.0028	0.9812	0.9812	0.0%	0	0	0	16.2790697674419	11.9047619047619	0	0
Desulfovibrio_fairfieldensis-187	UseforMeta	Response	0.0156	0.0156	0.8962	0.8962	0.0%	0	3.84615384615385	0	20.9302325581395	11.9047619047619	0	0
Desulfovibrio_piger-188	UseforMeta	Response	0.0316	-0.0267	0.7938	0.8916	59.6%	0.1343	11.5384615384615	12.8205128205128	0	2.38095238095238	20.6896551724138	21.2121212121212
Dialister_invisus-189	UseforMeta	Response	0.0680	0.0680	0.5704	0.5704	0.0%	0	42.3076923076923	79.4871794871795	51.1627906976744	30.952380952381	39.0804597701149	27.2727272727273
Dialister_propionicifaciens-190	UseforMeta	Response	-0.0696	-0.0696	0.5608	0.5608	0.0%	0	7.69230769230769	0	11.6279069767442	16.6666666666667	0	0
Dialister_succinatiphilus-191	UseforMeta	Response	0.0511	0.0511	0.6699	0.6699	0.0%	0	0	0	9.30232558139535	7.14285714285714	5.74712643678161	16.6666666666667
Dorea_formicigenerans-192	UseforMeta	Response	0.0676	0.0693	0.5736	0.6109	19.3%	0.0216	76.9230769230769	94.8717948717949	37.2093023255814	59.5238095238095	59.7701149425287	83.3333333333333
Dorea_longicatena-193	UseforMeta	Response	-0.1442	-0.1442	0.2284	0.2284	0.0%	0	76.9230769230769	100	65.1162790697674	69.0476190476191	62.0689655172414	86.3636363636364
Dorea_unclassified-194	UseforMeta	Response	-0.0265	-0.0265	0.8247	0.8247	0.0%	0	0	15.3846153846154	0	0	26.4367816091954	15.1515151515152
Eggerthella_lenta-195	UseforMeta	Response	-0.1838	-0.1838	0.1260	0.1260	0.0%	0	26.9230769230769	94.8717948717949	32.5581395348837	54.7619047619048	32.183908045977	18.1818181818182
Eggerthella_sp_1_3_56FAA-196	UseforMeta	Response	0.0824	0.0824	0.4907	0.4907	0.0%	0	0	17.9487179487179	0	0	1.14942528735632	0
Eggerthella_unclassified-197	UseforMeta	Response	-0.1778	-0.1778	0.1387	0.1387	0.0%	0	0	97.4358974358974	0	0	67.816091954023	50
Enterobacter_asburiae:Enterobacter_ludwigii-198	UseforMeta	Response	0.0750	0.0750	0.5312	0.5312	0.0%	0	0	0	16.2790697674419	7.14285714285714	0	0
Enterobacter_cloacae-199	UseforMeta	Response	0.0354	0.0849	0.7691	0.6179	46.6%	0.0792	0	35.8974358974359	6.97674418604651	11.9047619047619	14.9425287356322	10.6060606060606
Enterobacter_cloacae:Salmonella_enterica-200	UseforMeta	Response	0.0263	0.0263	0.8261	0.8261	0.0%	0	0	0	13.953488372093	26.1904761904762	0	0
Enterobacter_ludwigii-201	UseforMeta	Response	0.1088	0.1088	0.3634	0.3634	0.0%	0	7.69230769230769	0	16.2790697674419	2.38095238095238	0	0
Enterobacteriaceae_bacterium_9_2_54FAA-202	UseforMeta	Response	0.1371	0.1371	0.2521	0.2521	0.0%	0	0	0	0	0	13.7931034482759	13.6363636363636
Enterococcus_avium-203	UseforMeta	Response	-0.0486	-0.0486	0.6843	0.6843	0.0%	0	0	12.8205128205128	0	0	2.29885057471264	1.51515151515152
Enterococcus_durans-204	UseforMeta	Response	0.0815	0.0815	0.4964	0.4964	0.0%	0	0	17.9487179487179	2.32558139534884	2.38095238095238	4.59770114942529	9.09090909090909
Enterococcus_faecalis-205	UseforMeta	Response	0.0439	0.0732	0.7151	0.6272	32.9%	0.0442	0	20.5128205128205	0	2.38095238095238	22.9885057471264	28.7878787878788
Enterococcus_faecalis:Enterococcus_faecium-206	UseforMeta	Response	-0.0483	-0.0483	0.6862	0.6862	0.0%	0	26.9230769230769	0	0	0	0	0
Enterococcus_faecium-207	UseforMeta	Response	0.0904	0.0904	0.4511	0.4511	0.0%	0	0	7.69230769230769	0	4.76190476190476	13.7931034482759	16.6666666666667
Erysipelotrichaceae_bacterium_21_3-208	UseforMeta	Response	-0.1132	-0.1132	0.3445	0.3445	0.0%	0	0	92.3076923076923	0	0	57.4712643678161	31.8181818181818
Erysipelotrichaceae_bacterium_2_2_44A-209	UseforMeta	Response	-0.1851	-0.1851	0.1227	0.1227	0.0%	0	0	89.7435897435897	0	0	39.0804597701149	36.3636363636364
Erysipelotrichaceae_bacterium_3_1_53-210	UseforMeta	Response	-0.1184	-0.1184	0.3229	0.3229	0.0%	0	0	41.025641025641	0	0	5.74712643678161	1.51515151515152
Erysipelotrichaceae_bacterium_5_2_54FAA-211	UseforMeta	Response	0.0734	0.0734	0.5402	0.5402	0.0%	0	0	30.7692307692308	0	0	13.7931034482759	3.03030303030303
Erysipelotrichaceae_bacterium_6_1_45-212	UseforMeta	Response	-0.1041	-0.1041	0.3847	0.3847	0.0%	0	0	94.8717948717949	0	0	35.632183908046	24.2424242424242
Escherichia_coli-213	UseforMeta	Response	0.1661	0.1607	0.1692	0.3783	53.0%	0.1029	19.2307692307692	94.8717948717949	6.97674418604651	33.3333333333333	87.3563218390805	81.8181818181818
Escherichia_coli:Escherichia_fergusonii:Shigella_flexneri-214	UseforMeta	Response	-0.0300	-0.0300	0.8018	0.8018	0.0%	0	34.6153846153846	0	0	0	0	0
Escherichia_fergusonii-215	UseforMeta	Response	0.0822	0.0822	0.4921	0.4921	0.0%	0	0	0	16.2790697674419	16.6666666666667	0	0
Escherichia_unclassified-216	UseforMeta	Response	0.0837	0.0837	0.4843	0.4843	0.0%	0	0	53.8461538461538	0	0	72.4137931034483	74.2424242424242
Eubacterium_biforme-217	UseforMeta	Response	-0.0362	-0.0362	0.7620	0.7620	0.0%	0	0	41.025641025641	0	0	17.2413793103448	24.2424242424242
Eubacterium_coprostanoligenes-218	UseforMeta	Response	0.0280	0.0280	0.8151	0.8151	0.0%	0	30.7692307692308	0	6.97674418604651	7.14285714285714	0	0
Eubacterium_cylindroides-219	UseforMeta	Response	0.0664	0.0664	0.5785	0.5785	0.0%	0	0	2.56410256410256	0	0	24.1379310344828	16.6666666666667
Eubacterium_dolichum-220	UseforMeta	Response	-0.1038	-0.1038	0.3869	0.3869	0.0%	0	0	35.8974358974359	0	0	4.59770114942529	7.57575757575758
Eubacterium_eligens-221	UseforMeta	Response	0.1834	0.1834	0.1261	0.1261	0.0%	0	0	74.3589743589744	0	0	63.2183908045977	83.3333333333333
Eubacterium_hallii-222	UseforMeta	Response	-0.0271	-0.0271	0.8205	0.8205	0.0%	0	0	92.3076923076923	0	0	64.367816091954	89.3939393939394
Eubacterium_limosum-223	UseforMeta	Response	-0.0454	-0.0427	0.7055	0.7270	3.0%	0.0028	3.84615384615385	35.8974358974359	0	0	14.9425287356322	1.51515151515152
Eubacterium_ramulus-224	UseforMeta	Response	0.0584	0.0489	0.6270	0.7075	12.9%	0.0133	0	71.7948717948718	0	0	35.632183908046	66.6666666666667
Eubacterium_rectale-225	UseforMeta	Response	-0.0385	-0.0385	0.7474	0.7474	0.0%	0	0	100	0	0	63.2183908045977	84.8484848484848
Eubacterium_siraeum-226	UseforMeta	Response	0.1323	0.1323	0.2688	0.2688	0.0%	0	0	94.8717948717949	0	0	51.7241379310345	59.0909090909091
Eubacterium_sp_3_1_31-227	UseforMeta	Response	0.1382	0.1382	0.2485	0.2485	0.0%	0	0	71.7948717948718	0	0	14.9425287356322	7.57575757575758
Eubacterium_ventriosum-228	UseforMeta	Response	0.0430	0.0430	0.7195	0.7195	0.0%	0	0	51.2820512820513	0	0	44.8275862068966	71.2121212121212
Faecalibacterium_prausnitzii-229	UseforMeta	Response	0.1310	0.2122	0.2782	0.2494	53.7%	0.1063	96.1538461538462	100	90.6976744186046	97.6190476190476	82.7586206896552	98.4848484848485
Finegoldia_magna-230	UseforMeta	Response	-0.0247	-0.0247	0.8369	0.8369	0.0%	0	0	25.6410256410256	9.30232558139535	2.38095238095238	1.14942528735632	0
Flavonifractor_plautii-231	UseforMeta	Response	-0.1071	-0.1071	0.3720	0.3720	0.0%	0	88.4615384615385	92.3076923076923	90.6976744186046	92.8571428571429	82.7586206896552	66.6666666666667
Fusicatenibacter_saccharivorans-232	UseforMeta	Response	0.0339	0.0339	0.7767	0.7767	0.0%	0	92.3076923076923	0	79.0697674418605	71.4285714285714	0	0
Fusobacterium_nucleatum-233	UseforMeta	Response	-0.0472	-0.0498	0.6944	0.6894	5.9%	0.0056	0	7.69230769230769	4.65116279069767	2.38095238095238	6.89655172413793	7.57575757575758
Fusobacterium_nucleatum:Fusobacterium_periodonticum-234	UseforMeta	Response	0.0558	0.0558	0.6408	0.6408	0.0%	0	0	0	25.5813953488372	19.047619047619	0	0
Fusobacterium_ulcerans-235	UseforMeta	Response	-0.0423	-0.0423	0.7244	0.7244	0.0%	0	0	10.2564102564103	4.65116279069767	7.14285714285714	1.14942528735632	1.51515151515152
Gemella_haemolysans:Gemella_morbillorum:Gemella_sanguinis-236	UseforMeta	Response	0.0066	0.0066	0.9558	0.9558	0.0%	0	0	0	11.6279069767442	16.6666666666667	0	0
Gemella_sanguinis-237	UseforMeta	Response	-0.0254	-0.0254	0.8319	0.8319	0.0%	0	3.84615384615385	38.4615384615385	0	0	2.29885057471264	6.06060606060606
Gemella_unclassified-238	UseforMeta	Response	0.0614	0.0614	0.6079	0.6079	0.0%	0	0	15.3846153846154	0	0	4.59770114942529	7.57575757575758
Gemmiger_formicilis-239	UseforMeta	Response	0.1671	0.1709	0.1645	0.1656	4.0%	0.0037	80.7692307692308	0	58.1395348837209	57.1428571428571	0	0
Gemmiger_formicilis:Subdoligranulum_variabile-240	UseforMeta	Response	0.1071	0.1071	0.3711	0.3711	0.0%	0	0	0	9.30232558139535	14.2857142857143	0	0
Gordonibacter_pamelaeae-241	UseforMeta	Response	-0.0693	-0.0693	0.5624	0.5624	0.0%	0	0	84.6153846153846	11.6279069767442	19.047619047619	32.183908045977	18.1818181818182
Granulicatella_adiacens-242	UseforMeta	Response	-0.2012	-0.2012	0.0936	0.0936	0.0%	0	0	28.2051282051282	0	0	6.89655172413793	7.57575757575758
Granulicatella_adiacens:Granulicatella_paraadiacens-243	UseforMeta	Response	0.0558	0.0558	0.6412	0.6412	0.0%	0	3.84615384615385	0	9.30232558139535	30.952380952381	0	0
Granulicatella_unclassified-244	UseforMeta	Response	0.0555	0.0555	0.6426	0.6426	0.0%	0	0	43.5897435897436	0	0	24.1379310344828	22.7272727272727
Granulicella_unclassified-245	UseforMeta	Response	-0.0404	-0.0404	0.7350	0.7350	0.0%	0	0	0	0	0	5.74712643678161	4.54545454545455
Haemophilus_parainfluenzae-246	UseforMeta	Response	-0.0265	-0.0195	0.8260	0.9015	37.8%	0.0551	19.2307692307692	48.7179487179487	60.4651162790698	50	48.2758620689655	53.030303030303
Hafnia_alvei-247	UseforMeta	Response	-0.0089	-0.0117	0.9412	0.9243	3.5%	0.0033	30.7692307692308	0	2.32558139534884	0	12.6436781609195	13.6363636363636
Hespellia_porcina-248	UseforMeta	Response	0.0696	0.0696	0.5607	0.5607	0.0%	0	30.7692307692308	0	6.97674418604651	0	0	0
Holdemania_filiformis-249	UseforMeta	Response	-0.0685	-0.0685	0.5679	0.5679	0.0%	0	7.69230769230769	64.1025641025641	60.4651162790698	73.8095238095238	48.2758620689655	59.0909090909091
Holdemania_sp_AP2-250	UseforMeta	Response	-0.0879	-0.0879	0.4621	0.4621	0.0%	0	0	10.2564102564103	0	0	4.59770114942529	4.54545454545455
Holdemania_unclassified-251	UseforMeta	Response	0.0328	0.0201	0.7845	0.8790	15.0%	0.0158	0	23.0769230769231	0	0	41.3793103448276	60.6060606060606
Howardella_ureilytica-252	UseforMeta	Response	0.1044	0.1044	0.3830	0.3830	0.0%	0	11.5384615384615	0	4.65116279069767	4.76190476190476	0	0
Intestinimonas_butyriciproducens-253	UseforMeta	Response	0.0852	0.0863	0.4779	0.4867	5.2%	0.0049	46.1538461538462	0	46.5116279069767	28.5714285714286	0	0
Klebsiella_oxytoca-254	UseforMeta	Response	-0.0676	-0.0676	0.5725	0.5725	0.0%	0	0	10.2564102564103	0	0	9.19540229885057	9.09090909090909
Klebsiella_pneumoniae-255	UseforMeta	Response	-0.0248	-0.0248	0.8362	0.8362	0.0%	0	3.84615384615385	46.1538461538462	9.30232558139535	7.14285714285714	6.89655172413793	15.1515151515152
Klebsiella_unclassified-256	UseforMeta	Response	0.0015	0.0015	0.9897	0.9897	0.0%	0	0	28.2051282051282	0	0	11.4942528735632	9.09090909090909
Lachnospiraceae_bacterium_1_1_57FAA-257	UseforMeta	Response	0.2077	0.2077	0.0837	0.0837	0.0%	0	0	66.6666666666667	0	0	42.5287356321839	48.4848484848485
Lachnospiraceae_bacterium_1_4_56FAA-258	UseforMeta	Response	-0.0470	-0.0470	0.6949	0.6949	0.0%	0	0	66.6666666666667	0	0	20.6896551724138	18.1818181818182
Lachnospiraceae_bacterium_2_1_58FAA-259	UseforMeta	Response	-0.0756	-0.0756	0.5269	0.5269	0.0%	0	0	61.5384615384615	0	0	45.9770114942529	33.3333333333333
Lachnospiraceae_bacterium_3_1_46FAA-260	UseforMeta	Response	0.0605	0.0605	0.6141	0.6141	0.0%	0	0	97.4358974358974	0	0	58.6206896551724	77.2727272727273
Lachnospiraceae_bacterium_3_1_57FAA_CT1-261	UseforMeta	Response	-0.0821	-0.0821	0.4922	0.4922	0.0%	0	0	84.6153846153846	0	0	66.6666666666667	62.1212121212121
Lachnospiraceae_bacterium_4_1_37FAA-262	UseforMeta	Response	-0.0619	-0.0619	0.6048	0.6048	0.0%	0	0	33.3333333333333	0	0	3.44827586206897	3.03030303030303
Lachnospiraceae_bacterium_5_1_57FAA-263	UseforMeta	Response	0.0049	0.0049	0.9675	0.9675	0.0%	0	0	79.4871794871795	0	0	27.5862068965517	10.6060606060606
Lachnospiraceae_bacterium_5_1_63FAA-264	UseforMeta	Response	0.2091	0.2091	0.0815	0.0815	0.0%	0	0	100	0	0	54.0229885057471	84.8484848484848
Lachnospiraceae_bacterium_6_1_63FAA-265	UseforMeta	Response	0.0034	0.0034	0.9771	0.9771	0.0%	0	0	25.6410256410256	0	0	3.44827586206897	4.54545454545455
Lachnospiraceae_bacterium_7_1_58FAA-266	UseforMeta	Response	-0.2078	-0.2078	0.0836	0.0836	0.0%	0	0	100	0	0	91.9540229885057	96.969696969697
Lachnospiraceae_bacterium_8_1_57FAA-267	UseforMeta	Response	0.1287	0.1287	0.2833	0.2833	0.0%	0	0	2.56410256410256	0	0	22.9885057471264	33.3333333333333
Lachnospiraceae_bacterium_9_1_43BFAA-268	UseforMeta	Response	0.0577	0.0577	0.6300	0.6300	0.0%	0	0	53.8461538461538	0	0	10.3448275862069	4.54545454545455
Lactobacillus_animalis-269	UseforMeta	Response	-0.0403	-0.0403	0.7358	0.7358	0.0%	0	0	33.3333333333333	0	0	0	0
Lactobacillus_animalis:Lactobacillus_apodemi:Lactobacillus_murinus-270	UseforMeta	Response	0.0530	0.0530	0.6576	0.6576	0.0%	0	0	0	20.9302325581395	30.952380952381	0	0
Lactobacillus_casei_paracasei-271	UseforMeta	Response	-0.0470	-0.0470	0.6947	0.6947	0.0%	0	0	35.8974358974359	0	0	11.4942528735632	6.06060606060606
Lactobacillus_delbrueckii-272	UseforMeta	Response	-0.0958	-0.0958	0.4244	0.4244	0.0%	0	3.84615384615385	5.12820512820513	0	2.38095238095238	6.89655172413793	4.54545454545455
Lactobacillus_fermentum-273	UseforMeta	Response	-0.1331	-0.1331	0.2671	0.2671	0.0%	0	7.69230769230769	48.7179487179487	13.953488372093	4.76190476190476	13.7931034482759	7.57575757575758
Lactobacillus_gasseri-274	UseforMeta	Response	-0.1310	-0.1310	0.2739	0.2739	0.0%	0	0	35.8974358974359	0	0	17.2413793103448	13.6363636363636
Lactobacillus_mucosae-275	UseforMeta	Response	0.0106	0.0106	0.9293	0.9293	0.0%	0	7.69230769230769	2.56410256410256	0	0	4.59770114942529	1.51515151515152
Lactobacillus_plantarum-276	UseforMeta	Response	0.0389	0.0389	0.7450	0.7450	0.0%	0	0	17.9487179487179	0	0	5.74712643678161	1.51515151515152
Lactobacillus_reuteri-277	UseforMeta	Response	0.0487	0.0487	0.6843	0.6843	0.0%	0	0	12.8205128205128	4.65116279069767	2.38095238095238	3.44827586206897	3.03030303030303
Lactobacillus_rhamnosus-278	UseforMeta	Response	-0.0171	-0.0171	0.8863	0.8863	0.0%	0	0	25.6410256410256	0	0	5.74712643678161	0
Lactobacillus_ruminis-279	UseforMeta	Response	0.1680	0.1680	0.1614	0.1614	0.0%	0	3.84615384615385	25.6410256410256	0	2.38095238095238	0	6.06060606060606
Lactobacillus_sakei-280	UseforMeta	Response	0.1107	0.1107	0.3545	0.3545	0.0%	0	0	5.12820512820513	0	0	4.59770114942529	1.51515151515152
Lactobacillus_salivarius-281	UseforMeta	Response	-0.1635	-0.1621	0.1741	0.2153	13.2%	0.0137	3.84615384615385	23.0769230769231	2.32558139534884	2.38095238095238	6.89655172413793	7.57575757575758
Lactobacillus_vaginalis-282	UseforMeta	Response	-0.0613	-0.0613	0.6088	0.6088	0.0%	0	0	20.5128205128205	0	2.38095238095238	8.04597701149425	3.03030303030303
Lactococcus_lactis-283	UseforMeta	Response	0.0006	0.0006	0.9961	0.9961	0.0%	0	3.84615384615385	74.3589743589744	18.6046511627907	33.3333333333333	29.8850574712644	34.8484848484849
Lactonifactor_longoviformis-284	UseforMeta	Response	0.0260	0.0260	0.8280	0.8280	0.0%	0	0	0	20.9302325581395	23.8095238095238	0	0
Marvinbryantia_formatexigens-285	UseforMeta	Response	0.0090	0.0090	0.9404	0.9404	0.0%	0	3.84615384615385	10.2564102564103	2.32558139534884	2.38095238095238	3.44827586206897	0
Megamonas_hypermegale-286	UseforMeta	Response	-0.1374	-0.1374	0.2513	0.2513	0.0%	0	0	5.12820512820513	0	0	6.89655172413793	4.54545454545455
Megamonas_rupellensis-287	UseforMeta	Response	-0.1212	-0.1212	0.3114	0.3114	0.0%	0	0	2.56410256410256	0	0	6.89655172413793	4.54545454545455
Megamonas_unclassified-288	UseforMeta	Response	-0.1689	-0.1689	0.1588	0.1588	0.0%	0	0	30.7692307692308	0	0	6.89655172413793	6.06060606060606
Megasphaera_elsdenii-289	UseforMeta	Response	-0.0293	-0.0293	0.8064	0.8064	0.0%	0	3.84615384615385	0	0	0	3.44827586206897	6.06060606060606
Megasphaera_elsdenii:Megasphaera_hominis-290	UseforMeta	Response	-0.0740	-0.0931	0.5387	0.5554	38.3%	0.0562	3.84615384615385	0	13.953488372093	2.38095238095238	0	0
Megasphaera_micronuciformis-291	UseforMeta	Response	-0.2138	-0.2138	0.0751	0.0751	0.0%	0	0	5.12820512820513	2.32558139534884	2.38095238095238	10.3448275862069	4.54545454545455
Megasphaera_unclassified-292	UseforMeta	Response	0.0294	0.0294	0.8059	0.8059	0.0%	0	0	12.8205128205128	0	0	20.6896551724138	9.09090909090909
Methanobrevibacter_smithii-293	UseforMeta	Response	0.1970	0.1970	0.1004	0.1004	0.0%	0	0	76.9230769230769	16.2790697674419	19.047619047619	36.7816091954023	45.4545454545455
Methanobrevibacter_unclassified-294	UseforMeta	Response	-0.0137	-0.0137	0.9086	0.9086	0.0%	0	0	20.5128205128205	0	0	12.6436781609195	15.1515151515152
Mitsuokella_multacida-295	UseforMeta	Response	-0.1175	-0.1175	0.3271	0.3271	0.0%	0	3.84615384615385	2.56410256410256	2.32558139534884	0	8.04597701149425	10.6060606060606
Mitsuokella_unclassified-296	UseforMeta	Response	-0.0369	-0.0369	0.7573	0.7573	0.0%	0	0	20.5128205128205	0	0	20.6896551724138	22.7272727272727
Morganella_morganii-297	UseforMeta	Response	-0.1648	-0.1648	0.1687	0.1687	0.0%	0	0	0	6.97674418604651	2.38095238095238	1.14942528735632	4.54545454545455
Odoribacter_laneus-298	UseforMeta	Response	-0.0389	-0.0425	0.7458	0.7497	15.9%	0.0171	7.69230769230769	5.12820512820513	4.65116279069767	2.38095238095238	0	3.03030303030303
Odoribacter_splanchnicus-299	UseforMeta	Response	-0.0292	-0.0394	0.8082	0.7628	13.0%	0.0135	69.2307692307692	71.7948717948718	55.8139534883721	61.9047619047619	68.9655172413793	84.8484848484848
Okadaella_gastrococcus:Streptococcus_parasanguinis-300	UseforMeta	Response	-0.0208	-0.0208	0.8615	0.8615	0.0%	0	19.2307692307692	0	0	0	0	0
Olsenella_unclassified-301	UseforMeta	Response	-0.1166	-0.1166	0.3300	0.3300	0.0%	0	0	7.69230769230769	0	0	22.9885057471264	18.1818181818182
Oribacterium_sinus-302	UseforMeta	Response	-0.2212	-0.2212	0.0653	0.0653	0.0%	0	7.69230769230769	2.56410256410256	2.32558139534884	4.76190476190476	3.44827586206897	3.03030303030303
Oscillibacter_sp_KLE_1728-303	UseforMeta	Response	0.0010	0.0010	0.9935	0.9935	0.0%	0	0	25.6410256410256	0	0	0	0
Oscillibacter_sp_KLE_1745-304	UseforMeta	Response	-0.0519	-0.0519	0.6654	0.6654	0.0%	0	0	28.2051282051282	0	0	4.59770114942529	3.03030303030303
Oscillibacter_unclassified-305	UseforMeta	Response	-0.0480	-0.0480	0.6879	0.6879	0.0%	0	0	84.6153846153846	0	0	94.2528735632184	100
Oscillibacter_valericigenes-306	UseforMeta	Response	0.0015	0.0015	0.9900	0.9900	0.0%	0	19.2307692307692	0	4.65116279069767	4.76190476190476	0	0
Oscillospira_guilliermondii-307	UseforMeta	Response	-0.0230	-0.0230	0.8476	0.8476	0.0%	0	34.6153846153846	0	6.97674418604651	11.9047619047619	0	0
Oxalobacter_formigenes-308	UseforMeta	Response	0.2559	0.2559	0.0334	0.0334	0.0%	0	11.5384615384615	25.6410256410256	20.9302325581395	9.52380952380952	26.4367816091954	40.9090909090909
Pantoea_unclassified-309	UseforMeta	Response	0.0701	0.0701	0.5581	0.5581	0.0%	0	0	0	0	0	6.89655172413793	7.57575757575758
Parabacteroides_distasonis-310	UseforMeta	Response	-0.0559	-0.0453	0.6417	0.7258	11.4%	0.0116	92.3076923076923	100	74.4186046511628	78.5714285714286	80.4597701149425	83.3333333333333
Parabacteroides_goldsteinii-311	UseforMeta	Response	-0.1168	-0.1168	0.3305	0.3305	0.0%	0	11.5384615384615	56.4102564102564	37.2093023255814	28.5714285714286	36.7816091954023	31.8181818181818
Parabacteroides_gordonii-312	UseforMeta	Response	-0.0098	-0.0098	0.9347	0.9347	0.0%	0	11.5384615384615	0	13.953488372093	9.52380952380952	0	0
Parabacteroides_johnsonii-313	UseforMeta	Response	0.0184	0.0184	0.8779	0.8779	0.0%	0	3.84615384615385	51.2820512820513	18.6046511627907	21.4285714285714	29.8850574712644	42.4242424242424
Parabacteroides_merdae-314	UseforMeta	Response	0.1054	0.1358	0.3809	0.3476	27.3%	0.0339	76.9230769230769	100	51.1627906976744	76.1904761904762	67.816091954023	75.7575757575758
Parabacteroides_unclassified-315	UseforMeta	Response	-0.2222	-0.2222	0.0644	0.0644	0.0%	0	0	33.3333333333333	0	0	48.2758620689655	50
Paraprevotella_clara-316	UseforMeta	Response	-0.1655	-0.1655	0.1682	0.1682	0.0%	0	30.7692307692308	41.025641025641	20.9302325581395	21.4285714285714	27.5862068965517	33.3333333333333
Paraprevotella_unclassified-317	UseforMeta	Response	-0.0805	-0.0805	0.5016	0.5016	0.0%	0	0	69.2307692307692	0	0	27.5862068965517	37.8787878787879
Paraprevotella_xylaniphila-318	UseforMeta	Response	0.0823	0.0823	0.4932	0.4932	0.0%	0	3.84615384615385	28.2051282051282	0	2.38095238095238	27.5862068965517	36.3636363636364
Parasporobacterium_paucivorans-319	UseforMeta	Response	0.0225	0.0225	0.8505	0.8505	0.0%	0	23.0769230769231	0	11.6279069767442	21.4285714285714	0	0
Parasutterella_excrementihominis-320	UseforMeta	Response	-0.2518	-0.2518	0.0361	0.0361	0.0%	0	50	53.8461538461538	65.1162790697674	64.2857142857143	56.3218390804598	53.030303030303
Parvimonas_micra-321	UseforMeta	Response	-0.0444	-0.0431	0.7120	0.7655	27.3%	0.0339	3.84615384615385	7.69230769230769	6.97674418604651	11.9047619047619	0	0
Parvimonas_unclassified-322	UseforMeta	Response	-0.0940	-0.0940	0.4320	0.4320	0.0%	0	0	25.6410256410256	0	0	0	4.54545454545455
Peptoniphilus_lacrimalis-323	UseforMeta	Response	0.0361	0.0361	0.7628	0.7628	0.0%	0	0	23.0769230769231	6.97674418604651	4.76190476190476	0	0
Peptostreptococcaceae_noname_unclassified-324	UseforMeta	Response	-0.0832	-0.0832	0.4877	0.4877	0.0%	0	0	51.2820512820513	0	0	36.7816091954023	51.5151515151515
Peptostreptococcus_stomatis-325	UseforMeta	Response	-0.0647	-0.0696	0.5907	0.6319	28.1%	0.0353	3.84615384615385	2.56410256410256	6.97674418604651	2.38095238095238	1.14942528735632	4.54545454545455
Phascolarctobacterium_faecium-326	UseforMeta	Response	0.1147	0.1348	0.3401	0.3442	25.3%	0.0306	30.7692307692308	0	51.1627906976744	57.1428571428571	0	0
Phascolarctobacterium_succinatutens-327	UseforMeta	Response	-0.0338	-0.0338	0.7776	0.7776	0.0%	0	0	38.4615384615385	2.32558139534884	7.14285714285714	19.5402298850575	18.1818181818182
Porphyromonas_asaccharolytica-328	UseforMeta	Response	0.1453	0.1453	0.2260	0.2260	0.0%	0	3.84615384615385	25.6410256410256	4.65116279069767	4.76190476190476	2.29885057471264	10.6060606060606
Porphyromonas_bennonis-329	UseforMeta	Response	-0.0026	0.0119	0.9830	0.9310	20.3%	0.0229	0	7.69230769230769	9.30232558139535	2.38095238095238	2.29885057471264	3.03030303030303
Porphyromonas_uenonis-330	UseforMeta	Response	0.0439	0.0439	0.7144	0.7144	0.0%	0	3.84615384615385	5.12820512820513	2.32558139534884	0	1.14942528735632	3.03030303030303
Prevotella_bivia-331	UseforMeta	Response	-0.1433	-0.1433	0.2325	0.2325	0.0%	0	0	12.8205128205128	0	0	4.59770114942529	7.57575757575758
Prevotella_buccae-332	UseforMeta	Response	-0.1557	-0.1557	0.1947	0.1947	0.0%	0	0	5.12820512820513	2.32558139534884	7.14285714285714	4.59770114942529	3.03030303030303
Prevotella_buccalis-333	UseforMeta	Response	0.1981	0.1981	0.0994	0.0994	0.0%	0	0	7.69230769230769	4.65116279069767	7.14285714285714	2.29885057471264	3.03030303030303
Prevotella_copri-334	UseforMeta	Response	-0.0775	-0.1018	0.5197	0.5491	46.4%	0.0785	34.6153846153846	43.5897435897436	27.906976744186	11.9047619047619	17.2413793103448	28.7878787878788
Prevotella_disiens-335	UseforMeta	Response	-0.1237	-0.1237	0.3027	0.3027	0.0%	0	0	2.56410256410256	4.65116279069767	4.76190476190476	1.14942528735632	10.6060606060606
Prevotella_stercorea-336	UseforMeta	Response	-0.1150	-0.1142	0.3383	0.3484	2.2%	0.0020	11.5384615384615	10.2564102564103	4.65116279069767	0	4.59770114942529	3.03030303030303
Prevotella_timonensis-337	UseforMeta	Response	-0.0255	-0.0022	0.8319	0.9887	38.0%	0.0554	3.84615384615385	12.8205128205128	6.97674418604651	4.76190476190476	0	6.06060606060606
Propionibacterium_freudenreichii-338	UseforMeta	Response	0.0020	0.0020	0.9867	0.9867	0.0%	0	0	12.8205128205128	0	0	6.89655172413793	7.57575757575758
Proteus_mirabilis:Proteus_penneri:Proteus_vulgaris-339	UseforMeta	Response	-0.0564	-0.0564	0.6374	0.6374	0.0%	0	7.69230769230769	0	16.2790697674419	4.76190476190476	0	0
Pseudobutyrivibrio_ruminis:Pseudobutyrivibrio_xylanivorans-340	UseforMeta	Response	-0.0197	-0.0197	0.8693	0.8693	0.0%	0	65.3846153846154	0	4.65116279069767	11.9047619047619	0	0
Pseudoflavonifractor_capillosus-341	UseforMeta	Response	0.1119	0.0975	0.3521	0.4750	19.5%	0.0218	23.0769230769231	76.9230769230769	30.2325581395349	33.3333333333333	64.367816091954	54.5454545454545
Pyramidobacter_piscolens-342	UseforMeta	Response	0.0650	0.0650	0.5870	0.5870	0.0%	0	7.69230769230769	2.56410256410256	0	4.76190476190476	8.04597701149425	3.03030303030303
Raoultella_ornithinolytica:Raoultella_planticola-343	UseforMeta	Response	-0.0361	-0.0361	0.7627	0.7627	0.0%	0	7.69230769230769	0	16.2790697674419	2.38095238095238	0	0
Robinsoniella_peoriensis-344	UseforMeta	Response	-0.0150	-0.0150	0.9003	0.9003	0.0%	0	7.69230769230769	0	6.97674418604651	11.9047619047619	0	0
Roseburia_faecis-345	UseforMeta	Response	-0.0408	-0.0408	0.7329	0.7329	0.0%	0	88.4615384615385	0	86.046511627907	88.0952380952381	0	0
Roseburia_faecis:Roseburia_hominis-346	UseforMeta	Response	-0.0231	-0.0231	0.8468	0.8468	0.0%	0	46.1538461538462	0	4.65116279069767	4.76190476190476	0	0
Roseburia_faecis:Roseburia_intestinalis-347	UseforMeta	Response	0.0374	0.0374	0.7543	0.7543	0.0%	0	15.3846153846154	0	2.32558139534884	0	0	0
Roseburia_hominis-348	UseforMeta	Response	0.2421	0.2421	0.0439	0.0439	0.0%	0	57.6923076923077	84.6153846153846	55.8139534883721	69.0476190476191	64.367816091954	89.3939393939394
Roseburia_intestinalis-349	UseforMeta	Response	0.0218	0.0218	0.8555	0.8555	0.0%	0	53.8461538461538	100	74.4186046511628	76.1904761904762	75.8620689655172	65.1515151515152
Roseburia_intestinalis:Roseburia_inulinivorans-350	UseforMeta	Response	0.0020	0.0020	0.9867	0.9867	0.0%	0	19.2307692307692	0	2.32558139534884	0	0	0
Roseburia_inulinivorans-351	UseforMeta	Response	-0.0609	-0.0611	0.6119	0.6114	0.4%	0.0004	76.9230769230769	92.3076923076923	55.8139534883721	73.8095238095238	68.9655172413793	89.3939393939394
Roseburia_unclassified-352	UseforMeta	Response	0.1312	0.1312	0.2733	0.2733	0.0%	0	0	25.6410256410256	0	0	27.5862068965517	30.3030303030303
Rothia_dentocariosa-353	UseforMeta	Response	0.0006	0.0006	0.9960	0.9960	0.0%	0	0	35.8974358974359	0	4.76190476190476	4.59770114942529	4.54545454545455
Rothia_mucilaginosa-354	UseforMeta	Response	-0.0721	-0.0721	0.5475	0.5475	0.0%	0	0	58.974358974359	9.30232558139535	9.52380952380952	35.632183908046	31.8181818181818
Rothia_unclassified-355	UseforMeta	Response	-0.1095	-0.1095	0.3615	0.3615	0.0%	0	0	15.3846153846154	0	0	13.7931034482759	4.54545454545455
Ruminococcaceae_bacterium_D16-356	UseforMeta	Response	0.0892	0.0892	0.4559	0.4559	0.0%	0	0	92.3076923076923	0	0	73.5632183908046	69.6969696969697
Ruminococcus_albus-357	UseforMeta	Response	0.0208	0.0208	0.8624	0.8624	0.0%	0	7.69230769230769	23.0769230769231	2.32558139534884	0	29.8850574712644	34.8484848484849
Ruminococcus_bromii-358	UseforMeta	Response	0.1540	0.1540	0.1995	0.1995	0.0%	0	84.6153846153846	100	53.4883720930233	52.3809523809524	70.1149425287356	77.2727272727273
Ruminococcus_callidus-359	UseforMeta	Response	-0.1302	-0.1302	0.2772	0.2772	0.0%	0	34.6153846153846	25.6410256410256	16.2790697674419	26.1904761904762	33.3333333333333	40.9090909090909
Ruminococcus_champanellensis-360	UseforMeta	Response	0.0939	0.0939	0.4333	0.4333	0.0%	0	0	0	34.8837209302326	42.8571428571429	2.29885057471264	1.51515151515152
Ruminococcus_champanellensis:Ruminococcus_flavefaciens-361	UseforMeta	Response	-0.0596	-0.0596	0.6186	0.6186	0.0%	0	0	0	6.97674418604651	16.6666666666667	0	0
Ruminococcus_flavefaciens-362	UseforMeta	Response	0.0551	0.0551	0.6460	0.6460	0.0%	0	3.84615384615385	0	2.32558139534884	4.76190476190476	6.89655172413793	9.09090909090909
Ruminococcus_gauvreauii-363	UseforMeta	Response	0.0976	0.0976	0.4148	0.4148	0.0%	0	69.2307692307692	0	2.32558139534884	2.38095238095238	0	0
Ruminococcus_gnavus-364	UseforMeta	Response	-0.0374	-0.0374	0.7544	0.7544	0.0%	0	0	100	0	0	66.6666666666667	43.9393939393939
Ruminococcus_lactaris-365	UseforMeta	Response	0.0182	0.0182	0.8789	0.8789	0.0%	0	84.6153846153846	84.6153846153846	69.7674418604651	90.4761904761905	39.0804597701149	46.969696969697
Ruminococcus_obeum-366	UseforMeta	Response	0.0689	0.0689	0.5650	0.5650	0.0%	0	0	100	0	0	90.8045977011494	95.4545454545455
Ruminococcus_sp_5_1_39BFAA-367	UseforMeta	Response	-0.0003	-0.0003	0.9981	0.9981	0.0%	0	0	89.7435897435897	0	0	10.3448275862069	18.1818181818182
Ruminococcus_torques-368	UseforMeta	Response	0.0013	-0.0125	0.9913	0.9263	18.1%	0.0199	0	100	0	0	97.7011494252874	100
Scardovia_unclassified-369	UseforMeta	Response	-0.1746	-0.1746	0.1454	0.1454	0.0%	0	0	5.12820512820513	0	0	9.19540229885057	6.06060606060606
Scardovia_wiggsiae-370	UseforMeta	Response	-0.2265	-0.2265	0.0597	0.0597	0.0%	0	0	20.5128205128205	2.32558139534884	4.76190476190476	18.3908045977011	6.06060606060606
Shigella_boydii-371	UseforMeta	Response	0.0884	0.0884	0.4606	0.4606	0.0%	0	0	0	9.30232558139535	23.8095238095238	0	0
Shigella_dysenteriae-372	UseforMeta	Response	0.0858	0.0858	0.4739	0.4739	0.0%	0	0	0	37.2093023255814	26.1904761904762	0	0
Shigella_flexneri-373	UseforMeta	Response	0.1248	0.1248	0.2978	0.2978	0.0%	0	3.84615384615385	0	16.2790697674419	33.3333333333333	0	0
Shigella_sonnei-374	UseforMeta	Response	0.0559	0.0662	0.6413	0.6092	11.7%	0.0120	0	0	6.97674418604651	16.6666666666667	1.14942528735632	0
Slackia_isoflavoniconvertens-375	UseforMeta	Response	-0.0525	-0.0525	0.6610	0.6610	0.0%	0	11.5384615384615	0	2.32558139534884	4.76190476190476	0	0
Slackia_piriformis-376	UseforMeta	Response	0.0254	0.0254	0.8320	0.8320	0.0%	0	3.84615384615385	7.69230769230769	2.32558139534884	0	0	6.06060606060606
Solobacterium_moorei-377	UseforMeta	Response	-0.0694	-0.0910	0.5644	0.5535	35.0%	0.0487	0	46.1538461538462	6.97674418604651	4.76190476190476	6.89655172413793	9.09090909090909
Stomatobaculum_longum-378	UseforMeta	Response	-0.0226	-0.0217	0.8504	0.8570	0.9%	0.0008	42.3076923076923	2.56410256410256	0	0	4.59770114942529	0
Streptococcus_anginosus-379	UseforMeta	Response	-0.1046	-0.1164	0.3843	0.4131	25.1%	0.0303	7.69230769230769	48.7179487179487	9.30232558139535	19.047619047619	21.8390804597701	18.1818181818182
Streptococcus_australis-380	UseforMeta	Response	0.0704	0.0704	0.5562	0.5562	0.0%	0	0	41.025641025641	2.32558139534884	0	21.8390804597701	27.2727272727273
Streptococcus_constellatus-381	UseforMeta	Response	0.0185	0.0185	0.8772	0.8772	0.0%	0	0	17.9487179487179	0	0	1.14942528735632	3.03030303030303
Streptococcus_cristatus-382	UseforMeta	Response	-0.0851	-0.0851	0.4770	0.4770	0.0%	0	0	15.3846153846154	0	2.38095238095238	0	1.51515151515152
Streptococcus_gordonii-383	UseforMeta	Response	-0.0811	-0.0811	0.4979	0.4979	0.0%	0	3.84615384615385	41.025641025641	4.65116279069767	16.6666666666667	18.3908045977011	15.1515151515152
Streptococcus_infantis-384	UseforMeta	Response	-0.1057	-0.1057	0.3779	0.3779	0.0%	0	0	28.2051282051282	0	0	14.9425287356322	13.6363636363636
Streptococcus_intermedius-385	UseforMeta	Response	0.0372	0.0372	0.7561	0.7561	0.0%	0	0	28.2051282051282	0	2.38095238095238	1.14942528735632	3.03030303030303
Streptococcus_mitis_oralis_pneumoniae-386	UseforMeta	Response	-0.1550	-0.1550	0.1955	0.1955	0.0%	0	0	48.7179487179487	0	0	31.0344827586207	28.7878787878788
Streptococcus_mutans-387	UseforMeta	Response	0.0391	0.0391	0.7442	0.7442	0.0%	0	0	43.5897435897436	2.32558139534884	30.952380952381	8.04597701149425	4.54545454545455
Streptococcus_parasanguinis-388	UseforMeta	Response	-0.0636	-0.0636	0.5948	0.5948	0.0%	0	0	89.7435897435897	2.32558139534884	0	70.1149425287356	51.5151515151515
Streptococcus_salivarius-389	UseforMeta	Response	-0.0940	-0.0940	0.4325	0.4325	0.0%	0	0	100	0	7.14285714285714	77.0114942528736	71.2121212121212
Streptococcus_salivarius:Streptococcus_thermophilus-390	UseforMeta	Response	-0.0098	-0.0098	0.9346	0.9346	0.0%	0	38.4615384615385	0	0	0	0	0
Streptococcus_salivarius:Streptococcus_thermophilus:Streptococcus_vestibula-391	UseforMeta	Response	-0.0047	-0.0047	0.9686	0.9686	0.0%	0	34.6153846153846	0	65.1162790697674	88.0952380952381	0	0
Streptococcus_salivarius:Streptococcus_vestibularis-392	UseforMeta	Response	-0.0224	-0.0224	0.8515	0.8515	0.0%	0	34.6153846153846	0	0	0	0	0
Streptococcus_sanguinis-393	UseforMeta	Response	-0.1076	-0.1076	0.3688	0.3688	0.0%	0	0	53.8461538461538	2.32558139534884	11.9047619047619	14.9425287356322	9.09090909090909
Streptococcus_thermophilus-394	UseforMeta	Response	-0.1311	-0.1311	0.2749	0.2749	0.0%	0	7.69230769230769	89.7435897435897	4.65116279069767	9.52380952380952	63.2183908045977	69.6969696969697
Streptococcus_tigurinus-395	UseforMeta	Response	-0.0318	-0.0318	0.7905	0.7905	0.0%	0	0	15.3846153846154	0	0	1.14942528735632	0
Streptococcus_vestibularis-396	UseforMeta	Response	0.0207	0.0009	0.8630	0.9951	24.2%	0.0289	0	61.5384615384615	0	0	18.3908045977011	13.6363636363636
Subdoligranulum_sp_4_3_54A2FAA-397	UseforMeta	Response	-0.1248	-0.1248	0.2979	0.2979	0.0%	0	0	76.9230769230769	0	0	19.5402298850575	19.6969696969697
Subdoligranulum_unclassified-398	UseforMeta	Response	0.1152	0.1152	0.3367	0.3367	0.0%	0	0	100	0	0	98.8505747126437	100
Subdoligranulum_variabile-399	UseforMeta	Response	0.0674	0.0674	0.5742	0.5742	0.0%	0	7.69230769230769	46.1538461538462	25.5813953488372	21.4285714285714	21.8390804597701	16.6666666666667
Sutterella_stercoricanis-400	UseforMeta	Response	0.0465	0.0465	0.6978	0.6978	0.0%	0	7.69230769230769	0	11.6279069767442	16.6666666666667	0	0
Sutterella_wadsworthensis-401	UseforMeta	Response	-0.0247	-0.0247	0.8364	0.8364	0.0%	0	46.1538461538462	41.025641025641	16.2790697674419	16.6666666666667	26.4367816091954	34.8484848484849
Turicibacter_sanguinis-402	UseforMeta	Response	0.0033	0.0033	0.9778	0.9778	0.0%	0	15.3846153846154	20.5128205128205	27.906976744186	45.2380952380952	5.74712643678161	0
Turicibacter_unclassified-403	UseforMeta	Response	-0.0955	-0.0955	0.4247	0.4247	0.0%	0	0	20.5128205128205	0	0	14.9425287356322	3.03030303030303
Veillonella_atypica-404	UseforMeta	Response	-0.0213	-0.0213	0.8588	0.8588	0.0%	0	0	35.8974358974359	0	0	36.7816091954023	34.8484848484849
Veillonella_atypica:Veillonella_dispar-405	UseforMeta	Response	0.0321	0.0321	0.7880	0.7880	0.0%	0	0	0	30.2325581395349	54.7619047619048	0	0
Veillonella_atypica:Veillonella_parvula-406	UseforMeta	Response	0.0142	0.0142	0.9056	0.9056	0.0%	0	0	0	11.6279069767442	14.2857142857143	0	0
Veillonella_dispar-407	UseforMeta	Response	0.1312	0.1312	0.2744	0.2744	0.0%	0	0	33.3333333333333	20.9302325581395	30.952380952381	31.0344827586207	19.6969696969697
Veillonella_parvula-408	UseforMeta	Response	-0.3254	-0.3254	0.0069	0.0069	0.0%	0	3.84615384615385	56.4102564102564	6.97674418604651	4.76190476190476	62.0689655172414	62.1212121212121
Veillonella_parvula:Veillonella_rogosae:Veillonella_tobetsuensis-409	UseforMeta	Response	0.0024	0.0024	0.9841	0.9841	0.0%	0	0	0	30.2325581395349	28.5714285714286	0	0
Veillonella_unclassified-410	UseforMeta	Response	-0.0537	-0.0537	0.6536	0.6536	0.0%	0	0	79.4871794871795	0	0	71.2643678160919	75.7575757575758
candidate_division_TM7_single_cell_isolate_TM7c-411	UseforMeta	Response	-0.0651	-0.0651	0.5857	0.5857	0.0%	0	0	7.69230769230769	0	0	4.59770114942529	1.51515151515152
