Taxon	SRR5367462	SRR5367463	SRR5367464	SRR5367465	SRR5367466	SRR5367467	SRR5367468	SRR5367469	SRR5367470	SRR5367471	SRR5367472	SRR5367473	SRR5367474	SRR5367475	SRR5367476	SRR5367477	SRR5367478	SRR5367479	SRR5367480	SRR5367481	SRR5367482	SRR5367483	SRR5367484	SRR5367485	SRR5367486	SRR5367487	SRR5367488	SRR5367489	SRR5367490	SRR5367491	SRR5367492	SRR5367493	SRR5367494	SRR5367495	SRR5367496	SRR5367497	SRR5367498	SRR5367499	SRR5367500	SRR5367501	SRR5367502.R1	SRR5367503.R1	SRR5367504.R1	SRR5367505.R1	SRR5367506.R1	SRR5367507.R1	SRR5367508.R1	SRR5367509.R1	SRR5367510.R1	SRR5367511.R1	SRR5367512.R1	SRR5367513.R1	SRR5367514.R1	SRR5367515.R1	SRR5367516.R1	SRR5367517.R1	SRR5367518.R1	SRR5367519.R1	SRR5367520.R1	SRR5367521.R1	SRR5367522.R1	SRR5367523.R1	SRR5367524.R1	SRR5367525.R1	SRR5367526.R1	SRR5367527.R1	SRR5367528.R1	SRR5367529.R1	SRR5367530.R1	SRR5367531.R1	SRR5367532.R1	SRR5367533.R1	SRR5367534.R1	SRR5367535.R1	SRR5367536.R1	SRR5367537.R1	SRR5367538.R1	SRR5367539.R1	SRR5367540.R1	SRR5367541.R1	SRR5367542.R1	SRR5367543.R1	SRR5367544.R1
k__Bacteria;p__Actinobacteria;c__Actinobacteria;o__Actinomycetales;f__Actinomycetaceae	0.0	0.0	0.0	0.0	1.0	0.0	0.0	0.0	0.0	5.0	0.0	0.0	0.0	0.0	0.0	0.0	0.0	0.0	0.0	0.0	0.0	0.0	0.0	0.0	0.0	0.0	0.0	0.0	0.0	0.0	0.0	0.0	2.0	0.0	0.0	1.0	1.0	0.0	0.0	0.0	0.0	0.0	0.0	0.0	0.0	0.0	1.0	0.0	0.0	0.0	0.0	0.0	0.0	0.0	0.0	0.0	0.0	0.0	0.0	0.0	0.0	0.0	0.0	2.0	0.0	0.0	1.0	42.0	0.0	0.0	0.0	0.0	1.0	1.0	0.0	0.0	1.0	0.0	0.0	0.0	0.0	2.0	0.0
k__Bacteria;p__Actinobacteria;c__Actinobacteria;o__Actinomycetales;f__Corynebacteriaceae	0.0	0.0	0.0	0.0	0.0	0.0	0.0	0.0	0.0	0.0	0.0	0.0	0.0	0.0	0.0	0.0	0.0	0.0	0.0	0.0	0.0	0.0	0.0	0.0	0.0	0.0	0.0	0.0	1.0	1.0	0.0	0.0	0.0	0.0	0.0	0.0	0.0	0.0	0.0	0.0	0.0	0.0	0.0	0.0	0.0	0.0	0.0	0.0	0.0	0.0	0.0	0.0	0.0	0.0	0.0	0.0	0.0	0.0	0.0	0.0	0.0	0.0	0.0	0.0	0.0	0.0	0.0	0.0	0.0	0.0	0.0	0.0	0.0	0.0	0.0	0.0	0.0	0.0	0.0	0.0	0.0	0.0	0.0
k__Bacteria;p__Actinobacteria;c__Actinobacteria;o__Actinomycetales;f__Dietziaceae	0.0	0.0	0.0	0.0	0.0	0.0	0.0	0.0	0.0	0.0	0.0	0.0	0.0	0.0	0.0	0.0	0.0	0.0	0.0	0.0	0.0	0.0	0.0	0.0	0.0	0.0	0.0	0.0	0.0	0.0	0.0	0.0	0.0	0.0	0.0	0.0	0.0	0.0	0.0	0.0	0.0	0.0	0.0	0.0	0.0	0.0	0.0	0.0	0.0	0.0	0.0	0.0	2.0	0.0	0.0	0.0	0.0	0.0	0.0	0.0	0.0	0.0	0.0	0.0	0.0	0.0	0.0	0.0	0.0	0.0	0.0	0.0	0.0	0.0	0.0	0.0	0.0	0.0	0.0	0.0	0.0	0.0	0.0
k__Bacteria;p__Actinobacteria;c__Actinobacteria;o__Actinomycetales;f__Micrococcaceae	0.0	0.0	1.0	0.0	0.0	0.0	0.0	0.0	0.0	0.0	0.0	0.0	0.0	0.0	0.0	0.0	0.0	0.0	0.0	0.0	0.0	0.0	0.0	0.0	0.0	0.0	0.0	0.0	0.0	0.0	0.0	0.0	0.0	0.0	0.0	0.0	0.0	0.0	0.0	0.0	0.0	0.0	0.0	0.0	0.0	0.0	0.0	0.0	0.0	0.0	0.0	0.0	0.0	0.0	5.0	0.0	0.0	0.0	0.0	0.0	0.0	0.0	0.0	0.0	0.0	0.0	2.0	27.0	0.0	0.0	0.0	0.0	0.0	0.0	0.0	0.0	0.0	0.0	0.0	0.0	0.0	106.0	0.0
k__Bacteria;p__Actinobacteria;c__Actinobacteria;o__Bifidobacteriales;f__Bifidobacteriaceae	8.0	9.0	2.0	4.0	4.0	55.0	38.0	0.0	0.0	1.0	68.0	39.0	8.0	88.0	46.0	392.0	75.0	452.0	208.0	9.0	0.0	8.0	0.0	6.0	1.0	1.0	54.0	135.0	296.0	94.0	29.0	8.0	59.0	33.0	15.0	55.0	5.0	0.0	2.0	2.0	1.0	0.0	6.0	4.0	0.0	7.0	24.0	0.0	4.0	44.0	24.0	38.0	0.0	0.0	0.0	28.0	38.0	31.0	19.0	5.0	51.0	5.0	19.0	40.0	0.0	4.0	15.0	31.0	5.0	1.0	34.0	1.0	243.0	151.0	15.0	56.0	10.0	12.0	57.0	18.0	2.0	11.0	7.0
k__Bacteria;p__Actinobacteria;c__Actinobacteria;o__Coriobacteriales;f__Coriobacteriaceae	5.0	4.0	8.0	12.0	12.0	195.0	121.0	16.0	30.0	40.0	82.0	23.0	2.0	24.0	3.0	34.0	30.0	15.0	5.0	4.0	1.0	0.0	1.0	1.0	0.0	14.0	65.0	22.0	28.0	19.0	11.0	6.0	60.0	5.0	65.0	112.0	127.0	2.0	2.0	5.0	10.0	15.0	12.0	5.0	3.0	4.0	7.0	3.0	0.0	9.0	25.0	22.0	2.0	1.0	1.0	14.0	2.0	9.0	4.0	36.0	16.0	16.0	25.0	28.0	12.0	22.0	50.0	93.0	1.0	2.0	11.0	6.0	138.0	62.0	60.0	30.0	12.0	17.0	16.0	5.0	2.0	21.0	1.0
k__Bacteria;p__Actinobacteria;c__Actinobacteria;o__unassigned;f__unassigned	0.0	0.0	0.0	0.0	0.0	0.0	0.0	0.0	0.0	0.0	0.0	0.0	0.0	1.0	2.0	3.0	0.0	1.0	0.0	0.0	0.0	0.0	0.0	0.0	0.0	0.0	0.0	0.0	0.0	2.0	0.0	0.0	0.0	0.0	0.0	0.0	0.0	0.0	0.0	0.0	0.0	0.0	0.0	0.0	0.0	0.0	0.0	0.0	0.0	0.0	0.0	0.0	0.0	0.0	0.0	0.0	0.0	0.0	0.0	1.0	0.0	0.0	0.0	0.0	0.0	0.0	0.0	0.0	0.0	0.0	0.0	0.0	0.0	0.0	0.0	0.0	0.0	0.0	0.0	0.0	0.0	0.0	0.0
k__Bacteria;p__Bacteroidetes;c__Bacteroidia;o__Bacteroidales;f__Bacteroidaceae	644.0	738.0	277.0	225.0	274.0	146.0	307.0	299.0	584.0	755.0	140.0	10.0	37.0	22.0	11.0	232.0	910.0	667.0	1000.0	297.0	510.0	439.0	483.0	815.0	677.0	529.0	174.0	586.0	533.0	949.0	567.0	1402.0	244.0	445.0	366.0	145.0	85.0	173.0	219.0	241.0	23.0	31.0	27.0	56.0	505.0	386.0	294.0	433.0	456.0	586.0	619.0	760.0	531.0	223.0	1145.0	381.0	427.0	274.0	286.0	423.0	689.0	1040.0	259.0	226.0	481.0	288.0	523.0	83.0	627.0	533.0	667.0	281.0	348.0	517.0	560.0	537.0	191.0	196.0	176.0	1119.0	777.0	38.0	1593.0
k__Bacteria;p__Bacteroidetes;c__Bacteroidia;o__Bacteroidales;f__Porphyromonadaceae	26.0	32.0	67.0	95.0	45.0	184.0	191.0	113.0	145.0	295.0	57.0	49.0	16.0	20.0	20.0	32.0	49.0	18.0	50.0	112.0	48.0	65.0	218.0	120.0	172.0	5.0	622.0	88.0	98.0	49.0	103.0	38.0	125.0	103.0	148.0	52.0	23.0	19.0	26.0	9.0	3.0	7.0	8.0	9.0	14.0	173.0	105.0	116.0	5.0	99.0	112.0	84.0	183.0	33.0	230.0	60.0	85.0	77.0	85.0	253.0	314.0	259.0	72.0	29.0	99.0	154.0	0.0	10.0	48.0	30.0	31.0	30.0	218.0	169.0	158.0	123.0	52.0	66.0	99.0	25.0	50.0	5.0	0.0
k__Bacteria;p__Bacteroidetes;c__Bacteroidia;o__Bacteroidales;f__Prevotellaceae	2.0	1.0	227.0	30.0	9.0	4.0	0.0	302.0	12.0	12.0	264.0	1105.0	1320.0	742.0	1349.0	60.0	11.0	2.0	9.0	107.0	136.0	109.0	227.0	4.0	192.0	641.0	41.0	1.0	1.0	0.0	2.0	5.0	0.0	9.0	28.0	8.0	18.0	1407.0	1239.0	1368.0	1338.0	906.0	1242.0	1125.0	22.0	1.0	0.0	112.0	42.0	23.0	0.0	0.0	14.0	0.0	15.0	184.0	117.0	86.0	100.0	83.0	1.0	0.0	358.0	29.0	181.0	22.0	170.0	70.0	100.0	66.0	39.0	92.0	19.0	20.0	62.0	23.0	0.0	0.0	0.0	0.0	0.0	1.0	0.0
k__Bacteria;p__Bacteroidetes;c__Bacteroidia;o__Bacteroidales;f__Rikenellaceae	21.0	45.0	60.0	72.0	101.0	162.0	124.0	108.0	203.0	88.0	47.0	0.0	2.0	12.0	1.0	33.0	104.0	54.0	39.0	45.0	19.0	89.0	68.0	103.0	38.0	17.0	105.0	98.0	72.0	23.0	124.0	86.0	185.0	63.0	60.0	17.0	13.0	5.0	21.0	3.0	0.0	2.0	0.0	0.0	5.0	53.0	47.0	34.0	2.0	50.0	7.0	16.0	34.0	97.0	70.0	42.0	23.0	19.0	23.0	8.0	89.0	78.0	2.0	12.0	30.0	73.0	0.0	2.0	16.0	11.0	13.0	10.0	61.0	32.0	2.0	61.0	50.0	59.0	58.0	11.0	31.0	6.0	0.0
k__Bacteria;p__Bacteroidetes;c__Bacteroidia;o__Bacteroidales;f__unassigned	0.0	0.0	4.0	2.0	0.0	0.0	0.0	1.0	1.0	7.0	1.0	3.0	3.0	2.0	4.0	0.0	0.0	0.0	0.0	2.0	1.0	1.0	5.0	1.0	1.0	3.0	1.0	0.0	0.0	0.0	0.0	0.0	0.0	0.0	2.0	1.0	1.0	6.0	9.0	3.0	0.0	0.0	1.0	0.0	0.0	0.0	0.0	1.0	0.0	0.0	0.0	0.0	0.0	0.0	0.0	0.0	1.0	0.0	1.0	0.0	0.0	0.0	0.0	0.0	1.0	3.0	0.0	0.0	0.0	1.0	1.0	0.0	0.0	0.0	2.0	1.0	1.0	2.0	0.0	0.0	0.0	0.0	0.0
k__Bacteria;p__Bacteroidetes;c__Flavobacteria;o__Flavobacteriales;f__Flavobacteriaceae	0.0	0.0	0.0	0.0	0.0	0.0	0.0	0.0	0.0	0.0	0.0	0.0	0.0	0.0	0.0	0.0	6.0	2.0	0.0	0.0	0.0	0.0	0.0	0.0	0.0	5.0	27.0	0.0	0.0	0.0	0.0	0.0	0.0	1.0	0.0	0.0	0.0	0.0	0.0	0.0	0.0	0.0	0.0	0.0	0.0	0.0	0.0	0.0	0.0	0.0	0.0	0.0	0.0	0.0	0.0	0.0	0.0	0.0	1.0	0.0	0.0	0.0	0.0	0.0	0.0	1.0	0.0	0.0	5.0	1.0	0.0	1.0	4.0	1.0	0.0	2.0	0.0	0.0	0.0	0.0	0.0	0.0	0.0
k__Bacteria;p__Bacteroidetes;c__Sphingobacteria;o__Sphingobacteriales;f__Flammeovirgaceae	0.0	0.0	0.0	0.0	0.0	0.0	0.0	0.0	0.0	0.0	0.0	0.0	0.0	0.0	0.0	0.0	0.0	0.0	0.0	0.0	0.0	0.0	0.0	0.0	0.0	0.0	0.0	0.0	0.0	0.0	0.0	0.0	0.0	0.0	0.0	0.0	0.0	0.0	0.0	0.0	1.0	0.0	0.0	0.0	0.0	0.0	0.0	0.0	0.0	0.0	0.0	0.0	0.0	0.0	0.0	0.0	0.0	0.0	0.0	0.0	0.0	0.0	0.0	0.0	0.0	0.0	0.0	0.0	0.0	0.0	0.0	0.0	0.0	0.0	0.0	0.0	0.0	0.0	0.0	0.0	0.0	0.0	0.0
k__Bacteria;p__Bacteroidetes;c__unassigned;o__unassigned;f__unassigned	0.0	0.0	0.0	0.0	1.0	1.0	0.0	1.0	0.0	1.0	24.0	19.0	9.0	19.0	7.0	0.0	0.0	0.0	0.0	1.0	0.0	2.0	0.0	1.0	0.0	0.0	4.0	1.0	0.0	1.0	1.0	2.0	1.0	0.0	1.0	3.0	0.0	0.0	1.0	0.0	0.0	0.0	0.0	0.0	0.0	0.0	0.0	0.0	0.0	0.0	0.0	0.0	0.0	0.0	0.0	0.0	0.0	1.0	0.0	0.0	0.0	0.0	0.0	0.0	0.0	0.0	0.0	0.0	0.0	0.0	0.0	0.0	2.0	0.0	0.0	0.0	1.0	0.0	0.0	0.0	0.0	0.0	0.0
k__Bacteria;p__Firmicutes;c__Bacilli;o__Bacillales;f__Bacillaceae_1	0.0	0.0	0.0	0.0	0.0	0.0	0.0	0.0	0.0	0.0	0.0	0.0	0.0	0.0	0.0	0.0	0.0	0.0	0.0	0.0	0.0	0.0	0.0	0.0	0.0	0.0	0.0	0.0	0.0	0.0	0.0	0.0	0.0	0.0	0.0	0.0	0.0	0.0	0.0	0.0	0.0	0.0	0.0	0.0	0.0	0.0	0.0	0.0	0.0	0.0	0.0	0.0	0.0	0.0	0.0	0.0	0.0	0.0	0.0	0.0	0.0	0.0	0.0	0.0	0.0	0.0	0.0	0.0	0.0	0.0	0.0	0.0	0.0	0.0	0.0	0.0	0.0	1.0	0.0	0.0	0.0	0.0	0.0
k__Bacteria;p__Firmicutes;c__Bacilli;o__Bacillales;f__Bacillales_Incertae_Sedis_XI	0.0	0.0	0.0	0.0	1.0	0.0	0.0	0.0	0.0	0.0	0.0	0.0	0.0	0.0	0.0	0.0	0.0	0.0	0.0	0.0	0.0	0.0	0.0	0.0	0.0	0.0	0.0	0.0	0.0	0.0	0.0	0.0	0.0	0.0	0.0	0.0	0.0	0.0	0.0	0.0	2.0	0.0	0.0	0.0	0.0	0.0	0.0	0.0	0.0	0.0	0.0	0.0	0.0	0.0	0.0	0.0	0.0	0.0	0.0	28.0	0.0	0.0	0.0	0.0	0.0	0.0	0.0	0.0	0.0	0.0	0.0	0.0	0.0	0.0	0.0	0.0	0.0	0.0	0.0	0.0	0.0	1.0	0.0
k__Bacteria;p__Firmicutes;c__Bacilli;o__Bacillales;f__Planococcaceae	0.0	0.0	0.0	0.0	0.0	0.0	0.0	0.0	0.0	0.0	0.0	0.0	0.0	0.0	0.0	0.0	0.0	0.0	0.0	0.0	0.0	0.0	0.0	0.0	0.0	0.0	0.0	0.0	0.0	0.0	0.0	0.0	0.0	0.0	0.0	0.0	0.0	0.0	0.0	0.0	0.0	0.0	0.0	0.0	0.0	0.0	0.0	0.0	0.0	0.0	1.0	0.0	0.0	0.0	0.0	0.0	0.0	0.0	0.0	0.0	0.0	0.0	0.0	0.0	0.0	0.0	0.0	0.0	0.0	0.0	0.0	0.0	0.0	0.0	0.0	0.0	0.0	0.0	0.0	0.0	0.0	0.0	0.0
k__Bacteria;p__Firmicutes;c__Bacilli;o__Bacillales;f__Staphylococcaceae	0.0	0.0	1.0	0.0	0.0	0.0	0.0	0.0	0.0	0.0	0.0	0.0	0.0	0.0	0.0	0.0	0.0	0.0	0.0	0.0	0.0	0.0	0.0	0.0	0.0	0.0	0.0	0.0	0.0	0.0	0.0	0.0	0.0	0.0	0.0	0.0	0.0	0.0	0.0	0.0	0.0	0.0	0.0	0.0	0.0	0.0	0.0	0.0	0.0	0.0	0.0	0.0	0.0	0.0	0.0	0.0	0.0	0.0	0.0	0.0	0.0	0.0	0.0	0.0	0.0	0.0	0.0	0.0	0.0	0.0	0.0	0.0	0.0	0.0	0.0	0.0	0.0	0.0	0.0	0.0	0.0	318.0	0.0
k__Bacteria;p__Firmicutes;c__Bacilli;o__Lactobacillales;f__Aerococcaceae	0.0	0.0	0.0	0.0	0.0	0.0	0.0	0.0	0.0	0.0	0.0	0.0	0.0	0.0	0.0	0.0	0.0	0.0	0.0	0.0	0.0	0.0	0.0	0.0	0.0	0.0	0.0	0.0	0.0	0.0	0.0	0.0	0.0	0.0	0.0	0.0	0.0	0.0	0.0	0.0	0.0	0.0	0.0	0.0	0.0	0.0	0.0	0.0	0.0	0.0	0.0	0.0	0.0	0.0	0.0	0.0	0.0	0.0	0.0	0.0	0.0	0.0	0.0	0.0	0.0	0.0	0.0	0.0	0.0	0.0	0.0	0.0	0.0	0.0	0.0	0.0	0.0	0.0	0.0	0.0	0.0	1.0	0.0
k__Bacteria;p__Firmicutes;c__Bacilli;o__Lactobacillales;f__Carnobacteriaceae	0.0	1.0	0.0	0.0	0.0	0.0	0.0	0.0	0.0	0.0	0.0	0.0	0.0	0.0	0.0	0.0	0.0	0.0	0.0	0.0	0.0	0.0	1.0	0.0	1.0	0.0	0.0	0.0	0.0	0.0	0.0	0.0	0.0	0.0	0.0	1.0	0.0	0.0	0.0	1.0	0.0	0.0	0.0	0.0	0.0	0.0	0.0	0.0	2.0	0.0	0.0	0.0	0.0	0.0	7.0	0.0	0.0	0.0	0.0	0.0	0.0	0.0	0.0	0.0	0.0	0.0	0.0	0.0	0.0	0.0	0.0	0.0	0.0	0.0	0.0	0.0	0.0	0.0	0.0	0.0	0.0	329.0	1.0
k__Bacteria;p__Firmicutes;c__Bacilli;o__Lactobacillales;f__Enterococcaceae	0.0	0.0	2.0	1.0	3.0	0.0	0.0	0.0	0.0	2.0	88.0	0.0	1.0	1.0	0.0	1.0	0.0	1.0	3.0	0.0	0.0	0.0	0.0	0.0	0.0	0.0	0.0	0.0	0.0	0.0	0.0	1.0	10.0	0.0	2.0	0.0	0.0	1.0	0.0	0.0	0.0	2.0	1.0	3.0	0.0	0.0	3.0	0.0	0.0	0.0	0.0	14.0	0.0	0.0	0.0	0.0	0.0	0.0	0.0	0.0	1.0	0.0	0.0	0.0	0.0	0.0	0.0	0.0	1.0	0.0	0.0	0.0	2.0	0.0	0.0	0.0	0.0	4.0	0.0	39.0	2.0	1.0	7.0
k__Bacteria;p__Firmicutes;c__Bacilli;o__Lactobacillales;f__Lactobacillaceae	0.0	0.0	16.0	0.0	0.0	0.0	0.0	0.0	0.0	0.0	2.0	0.0	0.0	6.0	0.0	4.0	0.0	163.0	4.0	0.0	0.0	0.0	0.0	0.0	1.0	1.0	2.0	0.0	0.0	0.0	72.0	2.0	24.0	0.0	0.0	0.0	0.0	0.0	0.0	0.0	0.0	0.0	0.0	0.0	3.0	0.0	0.0	5.0	0.0	0.0	0.0	0.0	0.0	0.0	0.0	0.0	0.0	0.0	0.0	0.0	0.0	0.0	0.0	0.0	0.0	0.0	1.0	95.0	0.0	0.0	0.0	0.0	21.0	0.0	0.0	0.0	0.0	0.0	0.0	0.0	0.0	131.0	0.0
k__Bacteria;p__Firmicutes;c__Bacilli;o__Lactobacillales;f__Streptococcaceae	9.0	1.0	3.0	2.0	0.0	0.0	4.0	4.0	3.0	0.0	16.0	0.0	1.0	12.0	3.0	26.0	5.0	0.0	6.0	0.0	1.0	0.0	16.0	1.0	21.0	1.0	0.0	0.0	1.0	0.0	39.0	12.0	30.0	9.0	9.0	25.0	7.0	0.0	0.0	3.0	3.0	2.0	1.0	0.0	7.0	8.0	11.0	19.0	10.0	0.0	4.0	0.0	0.0	1.0	1.0	2.0	2.0	3.0	4.0	0.0	3.0	0.0	0.0	0.0	1.0	1.0	4.0	828.0	0.0	1.0	2.0	5.0	2.0	2.0	6.0	0.0	2.0	0.0	0.0	12.0	0.0	741.0	11.0
k__Bacteria;p__Firmicutes;c__Clostridia;o__Clostridiales;f__Clostridiaceae_1	2.0	2.0	3.0	2.0	4.0	1.0	3.0	0.0	0.0	1.0	0.0	2.0	0.0	0.0	1.0	18.0	2.0	2.0	1.0	6.0	0.0	1.0	0.0	1.0	1.0	0.0	1.0	0.0	1.0	1.0	1.0	8.0	2.0	1.0	0.0	1.0	2.0	0.0	1.0	1.0	12.0	1.0	0.0	7.0	1.0	0.0	4.0	0.0	13.0	0.0	0.0	2.0	0.0	0.0	0.0	3.0	1.0	0.0	0.0	0.0	0.0	1.0	0.0	0.0	0.0	1.0	0.0	4.0	0.0	1.0	3.0	0.0	1.0	0.0	5.0	1.0	1.0	1.0	0.0	8.0	0.0	0.0	4.0
k__Bacteria;p__Firmicutes;c__Clostridia;o__Clostridiales;f__Clostridiaceae_4	0.0	0.0	0.0	0.0	0.0	0.0	0.0	0.0	0.0	0.0	0.0	0.0	0.0	0.0	0.0	0.0	0.0	0.0	0.0	0.0	0.0	0.0	0.0	0.0	0.0	0.0	0.0	0.0	0.0	0.0	0.0	0.0	0.0	0.0	0.0	0.0	1.0	0.0	0.0	0.0	0.0	0.0	0.0	0.0	0.0	0.0	0.0	0.0	0.0	0.0	0.0	0.0	0.0	0.0	0.0	0.0	0.0	0.0	0.0	0.0	0.0	0.0	0.0	0.0	0.0	0.0	0.0	0.0	0.0	0.0	0.0	0.0	0.0	0.0	0.0	0.0	0.0	0.0	0.0	0.0	0.0	0.0	0.0
k__Bacteria;p__Firmicutes;c__Clostridia;o__Clostridiales;f__Clostridiales_Incertae_Sedis_XI	0.0	0.0	0.0	0.0	0.0	0.0	0.0	0.0	1.0	0.0	0.0	0.0	0.0	0.0	0.0	0.0	0.0	0.0	0.0	0.0	0.0	0.0	0.0	0.0	0.0	0.0	4.0	0.0	0.0	0.0	0.0	0.0	0.0	0.0	0.0	2.0	0.0	0.0	0.0	0.0	0.0	0.0	0.0	0.0	0.0	0.0	0.0	0.0	10.0	0.0	0.0	1.0	0.0	0.0	0.0	0.0	0.0	0.0	0.0	69.0	0.0	0.0	0.0	0.0	0.0	0.0	0.0	0.0	0.0	0.0	0.0	0.0	0.0	0.0	0.0	0.0	0.0	0.0	0.0	0.0	0.0	3.0	0.0
k__Bacteria;p__Firmicutes;c__Clostridia;o__Clostridiales;f__Clostridiales_Incertae_Sedis_XIII	0.0	0.0	0.0	0.0	0.0	0.0	0.0	0.0	0.0	3.0	0.0	0.0	0.0	0.0	0.0	0.0	0.0	0.0	0.0	0.0	0.0	0.0	0.0	0.0	1.0	0.0	0.0	1.0	0.0	0.0	1.0	0.0	0.0	0.0	0.0	0.0	1.0	0.0	0.0	0.0	0.0	0.0	0.0	0.0	0.0	0.0	0.0	0.0	0.0	0.0	0.0	2.0	0.0	0.0	0.0	0.0	0.0	0.0	0.0	0.0	2.0	0.0	0.0	0.0	0.0	0.0	0.0	0.0	0.0	0.0	0.0	1.0	0.0	0.0	0.0	0.0	0.0	0.0	0.0	0.0	0.0	1.0	0.0
k__Bacteria;p__Firmicutes;c__Clostridia;o__Clostridiales;f__Eubacteriaceae	9.0	22.0	7.0	27.0	17.0	4.0	7.0	20.0	39.0	1.0	90.0	35.0	4.0	46.0	11.0	3.0	8.0	14.0	4.0	7.0	4.0	12.0	0.0	2.0	0.0	0.0	53.0	18.0	8.0	4.0	17.0	4.0	5.0	44.0	62.0	258.0	127.0	4.0	18.0	2.0	3.0	4.0	0.0	4.0	0.0	50.0	81.0	24.0	0.0	5.0	0.0	0.0	1.0	0.0	0.0	6.0	23.0	11.0	11.0	6.0	26.0	15.0	6.0	171.0	11.0	57.0	0.0	1.0	29.0	7.0	3.0	3.0	9.0	23.0	8.0	18.0	0.0	1.0	12.0	12.0	22.0	4.0	0.0
k__Bacteria;p__Firmicutes;c__Clostridia;o__Clostridiales;f__Gracilibacteraceae	10.0	5.0	10.0	5.0	8.0	10.0	1.0	64.0	117.0	84.0	4.0	3.0	2.0	23.0	0.0	12.0	2.0	16.0	0.0	7.0	6.0	9.0	3.0	46.0	9.0	0.0	17.0	1.0	4.0	1.0	2.0	2.0	15.0	8.0	38.0	32.0	25.0	2.0	2.0	0.0	8.0	15.0	6.0	10.0	3.0	34.0	29.0	9.0	0.0	0.0	0.0	12.0	0.0	57.0	1.0	75.0	50.0	142.0	121.0	2.0	0.0	1.0	0.0	0.0	0.0	2.0	0.0	1.0	27.0	6.0	64.0	51.0	0.0	29.0	10.0	14.0	127.0	137.0	160.0	0.0	3.0	10.0	0.0
k__Bacteria;p__Firmicutes;c__Clostridia;o__Clostridiales;f__Incertae_Sedis_XI	0.0	0.0	1.0	3.0	3.0	1.0	6.0	3.0	1.0	3.0	0.0	0.0	0.0	1.0	0.0	1.0	0.0	1.0	0.0	0.0	0.0	0.0	0.0	2.0	1.0	1.0	1.0	0.0	1.0	0.0	1.0	0.0	4.0	2.0	0.0	3.0	2.0	0.0	0.0	0.0	0.0	4.0	0.0	0.0	0.0	1.0	3.0	0.0	0.0	1.0	0.0	1.0	1.0	1.0	0.0	0.0	2.0	1.0	1.0	0.0	1.0	0.0	0.0	2.0	5.0	1.0	0.0	2.0	0.0	1.0	0.0	0.0	5.0	4.0	1.0	1.0	2.0	3.0	2.0	0.0	0.0	0.0	0.0
k__Bacteria;p__Firmicutes;c__Clostridia;o__Clostridiales;f__Incertae_sedis	6.0	24.0	1.0	5.0	8.0	2.0	3.0	0.0	0.0	0.0	11.0	1.0	0.0	0.0	0.0	2.0	3.0	3.0	0.0	0.0	0.0	0.0	10.0	52.0	19.0	0.0	7.0	1.0	0.0	0.0	3.0	0.0	5.0	0.0	63.0	10.0	11.0	0.0	0.0	0.0	0.0	6.0	1.0	0.0	0.0	1.0	4.0	0.0	0.0	0.0	3.0	1.0	0.0	4.0	0.0	11.0	1.0	2.0	3.0	0.0	3.0	0.0	0.0	1.0	0.0	36.0	0.0	0.0	0.0	0.0	0.0	3.0	0.0	0.0	0.0	0.0	15.0	17.0	30.0	2.0	1.0	2.0	0.0
k__Bacteria;p__Firmicutes;c__Clostridia;o__Clostridiales;f__Lachnospiraceae	513.0	331.0	567.0	381.0	441.0	150.0	210.0	413.0	147.0	219.0	404.0	264.0	229.0	201.0	170.0	474.0	192.0	232.0	378.0	549.0	304.0	451.0	230.0	211.0	161.0	352.0	168.0	290.0	274.0	472.0	252.0	66.0	340.0	547.0	516.0	590.0	790.0	150.0	191.0	62.0	215.0	294.0	152.0	240.0	194.0	499.0	478.0	250.0	162.0	227.0	332.0	329.0	227.0	616.0	40.0	324.0	482.0	506.0	520.0	127.0	135.0	191.0	428.0	372.0	308.0	396.0	168.0	266.0	342.0	586.0	354.0	458.0	127.0	198.0	249.0	268.0	392.0	352.0	325.0	273.0	670.0	103.0	14.0
k__Bacteria;p__Firmicutes;c__Clostridia;o__Clostridiales;f__Peptococcaceae_1	0.0	1.0	0.0	8.0	4.0	0.0	0.0	0.0	0.0	0.0	0.0	2.0	0.0	0.0	0.0	2.0	0.0	0.0	0.0	0.0	0.0	0.0	0.0	1.0	0.0	0.0	0.0	0.0	0.0	0.0	0.0	0.0	0.0	0.0	0.0	0.0	0.0	0.0	0.0	0.0	0.0	0.0	0.0	0.0	0.0	0.0	0.0	0.0	0.0	1.0	0.0	0.0	0.0	5.0	0.0	2.0	2.0	3.0	0.0	0.0	1.0	0.0	0.0	0.0	0.0	0.0	0.0	0.0	0.0	0.0	0.0	0.0	0.0	0.0	0.0	0.0	0.0	1.0	0.0	0.0	1.0	0.0	0.0
k__Bacteria;p__Firmicutes;c__Clostridia;o__Clostridiales;f__Peptococcaceae_2	3.0	1.0	0.0	0.0	0.0	1.0	0.0	2.0	3.0	0.0	0.0	0.0	0.0	0.0	0.0	1.0	4.0	0.0	0.0	0.0	0.0	0.0	0.0	5.0	1.0	0.0	12.0	0.0	0.0	0.0	0.0	0.0	0.0	0.0	3.0	2.0	0.0	0.0	0.0	0.0	0.0	0.0	0.0	0.0	0.0	0.0	2.0	0.0	0.0	0.0	0.0	0.0	0.0	0.0	0.0	7.0	0.0	0.0	1.0	0.0	0.0	0.0	0.0	0.0	0.0	0.0	0.0	0.0	0.0	0.0	1.0	3.0	0.0	0.0	0.0	1.0	0.0	0.0	0.0	0.0	0.0	0.0	0.0
k__Bacteria;p__Firmicutes;c__Clostridia;o__Clostridiales;f__Peptostreptococcaceae	4.0	4.0	0.0	23.0	5.0	4.0	6.0	4.0	3.0	0.0	0.0	1.0	0.0	0.0	0.0	31.0	7.0	4.0	4.0	1.0	2.0	1.0	5.0	4.0	17.0	0.0	4.0	9.0	7.0	2.0	12.0	1.0	17.0	7.0	0.0	1.0	1.0	0.0	1.0	1.0	12.0	3.0	17.0	0.0	7.0	1.0	0.0	1.0	0.0	3.0	5.0	8.0	0.0	0.0	0.0	3.0	1.0	3.0	5.0	75.0	7.0	3.0	0.0	7.0	15.0	8.0	0.0	42.0	7.0	2.0	1.0	4.0	7.0	4.0	2.0	8.0	11.0	7.0	5.0	14.0	5.0	4.0	7.0
k__Bacteria;p__Firmicutes;c__Clostridia;o__Clostridiales;f__Ruminococcaceae	575.0	584.0	538.0	577.0	661.0	853.0	731.0	478.0	490.0	327.0	410.0	315.0	207.0	222.0	216.0	402.0	409.0	201.0	138.0	766.0	898.0	718.0	575.0	395.0	412.0	355.0	356.0	492.0	394.0	178.0	395.0	232.0	721.0	533.0	496.0	487.0	509.0	179.0	191.0	260.0	193.0	237.0	126.0	126.0	824.0	554.0	535.0	680.0	762.0	496.0	469.0	457.0	293.0	671.0	372.0	590.0	490.0	624.0	638.0	361.0	468.0	262.0	705.0	932.0	705.0	706.0	843.0	337.0	348.0	508.0	522.0	525.0	346.0	571.0	635.0	561.0	776.0	617.0	681.0	283.0	239.0	112.0	3.0
k__Bacteria;p__Firmicutes;c__Clostridia;o__Clostridiales;f__Syntrophomonadaceae	0.0	0.0	0.0	1.0	0.0	0.0	0.0	0.0	0.0	0.0	0.0	0.0	0.0	0.0	0.0	0.0	0.0	0.0	0.0	0.0	0.0	0.0	0.0	0.0	0.0	0.0	0.0	0.0	0.0	0.0	0.0	0.0	0.0	0.0	0.0	0.0	0.0	0.0	0.0	0.0	0.0	0.0	0.0	0.0	0.0	0.0	0.0	0.0	0.0	0.0	0.0	0.0	0.0	0.0	0.0	0.0	0.0	0.0	0.0	0.0	0.0	0.0	0.0	0.0	0.0	0.0	0.0	0.0	0.0	0.0	0.0	0.0	0.0	0.0	0.0	0.0	0.0	0.0	0.0	0.0	0.0	0.0	0.0
k__Bacteria;p__Firmicutes;c__Clostridia;o__Clostridiales;f__unassigned	36.0	50.0	38.0	40.0	50.0	32.0	53.0	48.0	79.0	28.0	24.0	10.0	8.0	21.0	8.0	27.0	44.0	11.0	28.0	56.0	23.0	28.0	16.0	34.0	13.0	24.0	25.0	8.0	27.0	22.0	29.0	10.0	80.0	75.0	31.0	55.0	41.0	5.0	12.0	3.0	7.0	1.0	2.0	1.0	7.0	42.0	36.0	25.0	4.0	29.0	4.0	8.0	13.0	28.0	25.0	22.0	10.0	24.0	28.0	12.0	19.0	21.0	10.0	41.0	31.0	60.0	3.0	11.0	43.0	60.0	19.0	58.0	37.0	15.0	25.0	25.0	61.0	57.0	75.0	46.0	34.0	9.0	2.0
k__Bacteria;p__Firmicutes;c__Clostridia;o__Thermoanaerobacterales;f__Thermoanaerobacteraceae	0.0	0.0	0.0	0.0	0.0	0.0	0.0	0.0	8.0	0.0	0.0	0.0	0.0	0.0	0.0	0.0	0.0	0.0	0.0	0.0	0.0	0.0	0.0	0.0	0.0	0.0	0.0	0.0	0.0	0.0	0.0	0.0	0.0	0.0	0.0	0.0	0.0	0.0	0.0	0.0	0.0	0.0	0.0	0.0	0.0	0.0	0.0	0.0	0.0	0.0	0.0	0.0	0.0	0.0	0.0	0.0	0.0	0.0	0.0	0.0	0.0	0.0	0.0	0.0	0.0	0.0	0.0	0.0	0.0	0.0	0.0	0.0	0.0	0.0	0.0	0.0	0.0	0.0	1.0	0.0	0.0	0.0	0.0
k__Bacteria;p__Firmicutes;c__Clostridia;o__unassigned;f__unassigned	0.0	0.0	0.0	5.0	2.0	0.0	0.0	3.0	10.0	0.0	0.0	0.0	0.0	1.0	0.0	2.0	0.0	2.0	0.0	0.0	0.0	0.0	0.0	2.0	0.0	0.0	0.0	0.0	0.0	0.0	0.0	0.0	1.0	0.0	2.0	4.0	1.0	0.0	1.0	0.0	0.0	0.0	1.0	0.0	0.0	3.0	0.0	0.0	0.0	0.0	0.0	0.0	0.0	0.0	0.0	1.0	1.0	0.0	0.0	0.0	1.0	0.0	0.0	0.0	0.0	2.0	0.0	0.0	0.0	0.0	1.0	0.0	0.0	0.0	0.0	0.0	2.0	10.0	4.0	0.0	0.0	0.0	0.0
k__Bacteria;p__Firmicutes;c__Erysipelotrichia;o__Erysipelotrichales;f__Erysipelotrichaceae	0.0	8.0	1.0	1.0	0.0	2.0	4.0	3.0	4.0	6.0	16.0	0.0	0.0	0.0	0.0	3.0	0.0	2.0	24.0	2.0	0.0	0.0	0.0	1.0	0.0	0.0	0.0	0.0	1.0	0.0	0.0	0.0	4.0	0.0	0.0	2.0	0.0	0.0	0.0	2.0	2.0	0.0	1.0	1.0	1.0	0.0	2.0	0.0	3.0	0.0	0.0	0.0	0.0	0.0	0.0	1.0	1.0	1.0	3.0	0.0	1.0	0.0	2.0	0.0	0.0	3.0	4.0	0.0	0.0	0.0	0.0	0.0	1.0	0.0	0.0	1.0	0.0	19.0	0.0	1.0	0.0	0.0	3.0
k__Bacteria;p__Firmicutes;c__Incertae_sedis;o__Incertae_sedis;f__Incertae_sedis	0.0	0.0	0.0	0.0	0.0	0.0	0.0	0.0	0.0	0.0	0.0	0.0	0.0	0.0	0.0	0.0	0.0	0.0	0.0	0.0	0.0	0.0	0.0	0.0	0.0	0.0	0.0	0.0	0.0	0.0	0.0	0.0	0.0	0.0	0.0	0.0	1.0	0.0	0.0	0.0	0.0	0.0	0.0	0.0	0.0	0.0	0.0	0.0	0.0	0.0	0.0	0.0	0.0	0.0	0.0	0.0	0.0	0.0	0.0	0.0	0.0	0.0	0.0	0.0	0.0	0.0	0.0	0.0	0.0	0.0	0.0	1.0	0.0	0.0	0.0	0.0	0.0	0.0	0.0	0.0	0.0	0.0	0.0
k__Bacteria;p__Firmicutes;c__Negativicutes;o__Selenomonadales;f__Acidaminococcaceae	0.0	0.0	0.0	0.0	0.0	0.0	0.0	0.0	0.0	0.0	1.0	0.0	0.0	0.0	0.0	0.0	0.0	0.0	0.0	0.0	0.0	0.0	0.0	1.0	0.0	0.0	3.0	2.0	3.0	0.0	2.0	0.0	1.0	0.0	0.0	0.0	0.0	0.0	0.0	0.0	2.0	3.0	7.0	4.0	0.0	0.0	0.0	0.0	0.0	5.0	0.0	0.0	0.0	3.0	4.0	0.0	0.0	0.0	0.0	0.0	0.0	0.0	10.0	5.0	35.0	15.0	0.0	3.0	11.0	12.0	3.0	5.0	37.0	28.0	25.0	47.0	0.0	0.0	0.0	0.0	10.0	0.0	0.0
k__Bacteria;p__Firmicutes;c__Negativicutes;o__Selenomonadales;f__Veillonellaceae	30.0	25.0	32.0	73.0	48.0	1.0	0.0	1.0	1.0	0.0	34.0	78.0	41.0	109.0	95.0	29.0	5.0	36.0	1.0	1.0	0.0	1.0	4.0	0.0	14.0	0.0	2.0	0.0	0.0	0.0	1.0	0.0	0.0	47.0	0.0	0.0	0.0	0.0	0.0	0.0	96.0	143.0	201.0	125.0	182.0	57.0	71.0	135.0	113.0	92.0	106.0	73.0	140.0	1.0	2.0	54.0	56.0	47.0	36.0	169.0	41.0	41.0	2.0	0.0	0.0	0.0	106.0	14.0	3.0	0.0	0.0	0.0	0.0	0.0	0.0	0.0	32.0	60.0	48.0	16.0	0.0	7.0	19.0
k__Bacteria;p__Firmicutes;c__unassigned;o__unassigned;f__unassigned	0.0	0.0	1.0	0.0	1.0	0.0	0.0	0.0	0.0	0.0	0.0	0.0	0.0	5.0	0.0	0.0	0.0	0.0	0.0	1.0	0.0	0.0	0.0	0.0	0.0	0.0	0.0	0.0	0.0	0.0	0.0	0.0	0.0	0.0	0.0	0.0	0.0	0.0	0.0	0.0	0.0	2.0	5.0	0.0	0.0	0.0	1.0	0.0	0.0	0.0	0.0	0.0	0.0	0.0	0.0	0.0	0.0	0.0	1.0	0.0	0.0	0.0	0.0	0.0	0.0	0.0	0.0	0.0	0.0	0.0	0.0	0.0	0.0	0.0	0.0	0.0	0.0	1.0	0.0	0.0	0.0	0.0	0.0
k__Bacteria;p__Fusobacteria;c__Fusobacteria;o__Fusobacteriales;f__Fusobacteriaceae	0.0	0.0	0.0	0.0	0.0	0.0	0.0	0.0	0.0	0.0	0.0	0.0	0.0	0.0	0.0	0.0	0.0	0.0	0.0	0.0	0.0	0.0	0.0	0.0	0.0	0.0	0.0	0.0	0.0	0.0	0.0	1.0	2.0	0.0	0.0	0.0	0.0	0.0	0.0	1.0	0.0	0.0	0.0	0.0	0.0	0.0	0.0	1.0	111.0	6.0	0.0	0.0	24.0	0.0	0.0	0.0	0.0	0.0	0.0	2.0	0.0	0.0	0.0	0.0	0.0	0.0	0.0	0.0	0.0	0.0	0.0	0.0	0.0	0.0	0.0	0.0	0.0	0.0	0.0	0.0	0.0	1.0	67.0
k__Bacteria;p__Proteobacteria;c__Alphaproteobacteria;o__Incertae_sedis;f__Incertae_sedis	0.0	0.0	0.0	0.0	0.0	0.0	0.0	0.0	0.0	0.0	0.0	0.0	0.0	0.0	0.0	0.0	0.0	0.0	0.0	0.0	0.0	0.0	0.0	0.0	0.0	0.0	0.0	0.0	0.0	0.0	0.0	0.0	0.0	0.0	0.0	0.0	0.0	0.0	0.0	0.0	0.0	0.0	0.0	0.0	0.0	0.0	0.0	0.0	0.0	0.0	0.0	0.0	0.0	0.0	0.0	0.0	0.0	0.0	0.0	0.0	0.0	0.0	0.0	0.0	0.0	0.0	0.0	0.0	0.0	0.0	0.0	0.0	1.0	0.0	0.0	0.0	0.0	0.0	0.0	0.0	0.0	0.0	0.0
k__Bacteria;p__Proteobacteria;c__Alphaproteobacteria;o__Rhizobiales;f__Hyphomicrobiaceae	37.0	79.0	67.0	106.0	89.0	90.0	101.0	56.0	23.0	40.0	78.0	14.0	9.0	42.0	13.0	12.0	12.0	9.0	1.0	0.0	1.0	3.0	36.0	82.0	22.0	6.0	15.0	178.0	185.0	14.0	76.0	97.0	25.0	7.0	20.0	106.0	174.0	21.0	14.0	11.0	31.0	32.0	65.0	64.0	15.0	70.0	147.0	34.0	0.0	191.0	127.0	138.0	159.0	194.0	39.0	121.0	119.0	90.0	59.0	44.0	11.0	8.0	32.0	91.0	47.0	86.0	5.0	16.0	44.0	26.0	70.0	39.0	123.0	152.0	166.0	197.0	160.0	185.0	160.0	13.0	36.0	23.0	0.0
k__Bacteria;p__Proteobacteria;c__Alphaproteobacteria;o__Rhizobiales;f__Rhodobiaceae	0.0	0.0	0.0	0.0	0.0	0.0	0.0	0.0	0.0	0.0	0.0	0.0	0.0	0.0	0.0	0.0	0.0	0.0	0.0	0.0	0.0	0.0	0.0	0.0	0.0	0.0	0.0	0.0	0.0	0.0	0.0	0.0	0.0	0.0	0.0	0.0	0.0	0.0	0.0	0.0	0.0	0.0	0.0	0.0	0.0	0.0	0.0	0.0	0.0	0.0	1.0	0.0	0.0	0.0	0.0	0.0	0.0	0.0	0.0	0.0	0.0	0.0	0.0	0.0	0.0	0.0	0.0	0.0	0.0	0.0	0.0	0.0	0.0	0.0	0.0	0.0	0.0	0.0	0.0	0.0	0.0	0.0	0.0
k__Bacteria;p__Proteobacteria;c__Alphaproteobacteria;o__Rhodospirillales;f__Acetobacteraceae	0.0	0.0	0.0	0.0	0.0	0.0	0.0	0.0	0.0	0.0	0.0	0.0	0.0	0.0	0.0	0.0	0.0	0.0	0.0	0.0	0.0	0.0	0.0	0.0	0.0	0.0	1.0	0.0	0.0	0.0	0.0	0.0	0.0	0.0	0.0	0.0	0.0	0.0	0.0	0.0	0.0	0.0	0.0	0.0	0.0	0.0	0.0	0.0	0.0	0.0	0.0	0.0	0.0	0.0	0.0	0.0	0.0	0.0	0.0	0.0	0.0	0.0	0.0	0.0	0.0	0.0	0.0	0.0	0.0	0.0	0.0	0.0	0.0	0.0	0.0	0.0	0.0	0.0	0.0	0.0	0.0	0.0	0.0
k__Bacteria;p__Proteobacteria;c__Alphaproteobacteria;o__Rhodospirillales;f__Rhodospirillaceae	0.0	0.0	2.0	10.0	0.0	0.0	0.0	0.0	0.0	0.0	0.0	0.0	0.0	0.0	0.0	0.0	0.0	0.0	0.0	0.0	1.0	4.0	0.0	0.0	0.0	0.0	9.0	0.0	0.0	0.0	0.0	0.0	0.0	0.0	1.0	0.0	0.0	0.0	0.0	0.0	0.0	0.0	0.0	0.0	0.0	11.0	2.0	0.0	0.0	0.0	0.0	0.0	0.0	5.0	0.0	2.0	4.0	2.0	0.0	27.0	0.0	0.0	0.0	0.0	0.0	5.0	0.0	0.0	17.0	49.0	0.0	14.0	0.0	0.0	0.0	0.0	0.0	0.0	0.0	0.0	0.0	0.0	0.0
k__Bacteria;p__Proteobacteria;c__Alphaproteobacteria;o__Rhodospirillales;f__unassigned	0.0	0.0	0.0	1.0	0.0	0.0	0.0	0.0	0.0	0.0	0.0	0.0	0.0	0.0	0.0	0.0	0.0	0.0	0.0	2.0	0.0	0.0	0.0	0.0	0.0	0.0	0.0	0.0	0.0	0.0	0.0	0.0	0.0	0.0	0.0	0.0	0.0	0.0	0.0	0.0	0.0	0.0	0.0	0.0	0.0	0.0	0.0	0.0	0.0	86.0	119.0	0.0	294.0	0.0	0.0	0.0	0.0	0.0	0.0	0.0	0.0	0.0	0.0	0.0	0.0	14.0	0.0	0.0	3.0	5.0	0.0	4.0	0.0	0.0	0.0	0.0	0.0	0.0	0.0	0.0	0.0	0.0	0.0
k__Bacteria;p__Proteobacteria;c__Alphaproteobacteria;o__Sphingomonadales;f__Sphingomonadaceae	0.0	0.0	0.0	1.0	0.0	0.0	0.0	0.0	0.0	0.0	0.0	0.0	0.0	0.0	0.0	0.0	0.0	0.0	0.0	0.0	0.0	0.0	0.0	0.0	0.0	0.0	0.0	0.0	0.0	0.0	0.0	0.0	0.0	0.0	0.0	0.0	0.0	0.0	0.0	0.0	0.0	0.0	0.0	0.0	0.0	0.0	0.0	0.0	0.0	0.0	0.0	0.0	0.0	0.0	0.0	0.0	0.0	0.0	0.0	0.0	0.0	0.0	0.0	0.0	0.0	0.0	0.0	4.0	0.0	0.0	0.0	0.0	0.0	0.0	0.0	0.0	0.0	0.0	0.0	0.0	0.0	0.0	0.0
k__Bacteria;p__Proteobacteria;c__Alphaproteobacteria;o__unassigned;f__unassigned	0.0	0.0	0.0	2.0	0.0	0.0	0.0	0.0	0.0	0.0	0.0	0.0	1.0	0.0	0.0	0.0	0.0	0.0	0.0	0.0	0.0	0.0	0.0	0.0	0.0	0.0	14.0	0.0	0.0	0.0	0.0	0.0	0.0	0.0	0.0	0.0	0.0	0.0	0.0	0.0	0.0	0.0	0.0	0.0	0.0	0.0	0.0	0.0	0.0	0.0	0.0	0.0	0.0	15.0	0.0	0.0	0.0	0.0	0.0	0.0	0.0	0.0	0.0	0.0	0.0	0.0	0.0	0.0	159.0	57.0	0.0	1.0	0.0	0.0	0.0	0.0	0.0	0.0	0.0	0.0	0.0	0.0	0.0
k__Bacteria;p__Proteobacteria;c__Betaproteobacteria;o__Burkholderiales;f__Comamonadaceae	0.0	0.0	0.0	0.0	0.0	8.0	24.0	0.0	0.0	0.0	0.0	1.0	1.0	5.0	1.0	0.0	0.0	0.0	6.0	0.0	0.0	0.0	5.0	11.0	4.0	35.0	0.0	0.0	0.0	0.0	0.0	0.0	0.0	0.0	12.0	0.0	1.0	0.0	0.0	0.0	0.0	0.0	0.0	0.0	0.0	0.0	0.0	0.0	0.0	0.0	0.0	0.0	0.0	0.0	0.0	0.0	0.0	0.0	0.0	0.0	2.0	1.0	0.0	0.0	0.0	0.0	0.0	0.0	0.0	0.0	0.0	0.0	0.0	0.0	0.0	0.0	0.0	0.0	0.0	0.0	0.0	0.0	0.0
k__Bacteria;p__Proteobacteria;c__Betaproteobacteria;o__Burkholderiales;f__Oxalobacteraceae	0.0	0.0	0.0	1.0	0.0	0.0	0.0	0.0	0.0	0.0	0.0	0.0	0.0	0.0	0.0	0.0	0.0	0.0	0.0	0.0	0.0	0.0	0.0	1.0	0.0	0.0	0.0	0.0	0.0	0.0	0.0	0.0	0.0	0.0	0.0	0.0	0.0	0.0	0.0	0.0	0.0	0.0	0.0	0.0	0.0	0.0	0.0	0.0	0.0	0.0	0.0	0.0	0.0	0.0	0.0	0.0	0.0	0.0	0.0	0.0	0.0	0.0	0.0	0.0	0.0	5.0	0.0	0.0	0.0	0.0	0.0	2.0	0.0	0.0	0.0	0.0	0.0	0.0	0.0	0.0	0.0	0.0	0.0
k__Bacteria;p__Proteobacteria;c__Betaproteobacteria;o__Burkholderiales;f__Sutterellaceae	0.0	0.0	0.0	11.0	16.0	10.0	20.0	15.0	0.0	6.0	1.0	19.0	8.0	9.0	17.0	49.0	24.0	21.0	61.0	12.0	11.0	22.0	5.0	26.0	5.0	0.0	4.0	41.0	36.0	120.0	21.0	3.0	12.0	22.0	13.0	0.0	2.0	13.0	33.0	12.0	2.0	10.0	5.0	13.0	101.0	24.0	15.0	10.0	122.0	23.0	29.0	4.0	55.0	11.0	38.0	14.0	41.0	14.0	15.0	123.0	23.0	35.0	0.0	0.0	0.0	6.0	0.0	0.0	28.0	11.0	14.0	5.0	0.0	0.0	0.0	0.0	32.0	14.0	22.0	0.0	19.0	0.0	0.0
k__Bacteria;p__Proteobacteria;c__Betaproteobacteria;o__Burkholderiales;f__unassigned	0.0	0.0	0.0	0.0	0.0	0.0	0.0	0.0	0.0	0.0	0.0	0.0	0.0	0.0	0.0	0.0	0.0	0.0	0.0	1.0	0.0	0.0	1.0	0.0	0.0	0.0	0.0	0.0	0.0	1.0	0.0	0.0	0.0	0.0	0.0	0.0	0.0	0.0	0.0	0.0	0.0	0.0	0.0	0.0	0.0	0.0	0.0	0.0	0.0	0.0	0.0	0.0	0.0	0.0	0.0	0.0	0.0	0.0	0.0	0.0	0.0	0.0	0.0	0.0	0.0	0.0	0.0	0.0	10.0	0.0	0.0	0.0	0.0	0.0	0.0	0.0	0.0	0.0	0.0	0.0	0.0	0.0	0.0
k__Bacteria;p__Proteobacteria;c__Betaproteobacteria;o__Neisseriales;f__Neisseriaceae	0.0	0.0	0.0	0.0	0.0	0.0	0.0	0.0	0.0	0.0	0.0	0.0	0.0	0.0	0.0	0.0	0.0	0.0	0.0	0.0	0.0	0.0	0.0	0.0	0.0	0.0	0.0	0.0	0.0	0.0	0.0	0.0	0.0	0.0	0.0	0.0	0.0	0.0	0.0	0.0	0.0	0.0	0.0	0.0	0.0	0.0	0.0	0.0	0.0	0.0	2.0	0.0	0.0	0.0	0.0	0.0	0.0	0.0	0.0	0.0	0.0	0.0	0.0	0.0	0.0	0.0	0.0	0.0	0.0	0.0	0.0	0.0	0.0	0.0	0.0	0.0	0.0	0.0	0.0	0.0	0.0	1.0	0.0
k__Bacteria;p__Proteobacteria;c__Betaproteobacteria;o__Rhodocyclales;f__Rhodocyclaceae	0.0	0.0	0.0	0.0	0.0	0.0	0.0	0.0	0.0	0.0	0.0	0.0	0.0	1.0	0.0	0.0	0.0	0.0	0.0	0.0	0.0	0.0	0.0	0.0	0.0	0.0	0.0	0.0	0.0	0.0	0.0	0.0	0.0	0.0	0.0	0.0	0.0	0.0	0.0	0.0	0.0	0.0	0.0	0.0	0.0	0.0	0.0	0.0	0.0	0.0	0.0	0.0	0.0	0.0	0.0	0.0	0.0	0.0	0.0	0.0	0.0	0.0	0.0	0.0	0.0	0.0	0.0	0.0	0.0	0.0	0.0	0.0	0.0	0.0	0.0	0.0	0.0	0.0	0.0	0.0	0.0	0.0	0.0
k__Bacteria;p__Proteobacteria;c__Betaproteobacteria;o__unassigned;f__unassigned	0.0	0.0	0.0	0.0	0.0	0.0	0.0	0.0	0.0	0.0	0.0	0.0	0.0	0.0	0.0	0.0	0.0	0.0	0.0	0.0	0.0	0.0	0.0	0.0	0.0	0.0	0.0	0.0	0.0	0.0	0.0	0.0	0.0	0.0	0.0	0.0	0.0	0.0	0.0	0.0	0.0	0.0	0.0	0.0	0.0	0.0	0.0	0.0	0.0	0.0	0.0	0.0	0.0	0.0	0.0	1.0	0.0	0.0	0.0	0.0	0.0	0.0	0.0	0.0	0.0	0.0	0.0	0.0	0.0	0.0	0.0	0.0	0.0	0.0	0.0	0.0	0.0	0.0	0.0	0.0	0.0	0.0	0.0
k__Bacteria;p__Proteobacteria;c__Deltaproteobacteria;o__Desulfobacterales;f__Desulfobacteraceae	0.0	0.0	0.0	0.0	0.0	0.0	0.0	0.0	0.0	0.0	0.0	0.0	0.0	0.0	0.0	0.0	0.0	0.0	0.0	0.0	0.0	0.0	0.0	0.0	0.0	0.0	0.0	0.0	0.0	0.0	0.0	0.0	0.0	0.0	0.0	0.0	0.0	0.0	0.0	0.0	0.0	0.0	0.0	0.0	0.0	0.0	0.0	0.0	0.0	0.0	0.0	0.0	0.0	0.0	0.0	0.0	0.0	0.0	0.0	0.0	0.0	0.0	0.0	0.0	0.0	0.0	0.0	0.0	0.0	0.0	0.0	1.0	0.0	0.0	0.0	0.0	0.0	0.0	0.0	0.0	0.0	0.0	0.0
k__Bacteria;p__Proteobacteria;c__Deltaproteobacteria;o__Desulfovibrionales;f__Desulfovibrionaceae	1.0	0.0	7.0	3.0	10.0	17.0	25.0	26.0	28.0	2.0	1.0	0.0	1.0	1.0	0.0	10.0	28.0	9.0	21.0	3.0	5.0	9.0	17.0	24.0	13.0	5.0	32.0	3.0	6.0	1.0	2.0	1.0	6.0	27.0	24.0	1.0	8.0	4.0	1.0	0.0	1.0	0.0	2.0	5.0	0.0	1.0	4.0	10.0	0.0	0.0	0.0	0.0	0.0	5.0	1.0	1.0	0.0	0.0	1.0	0.0	61.0	20.0	0.0	0.0	0.0	6.0	0.0	0.0	2.0	1.0	0.0	1.0	0.0	3.0	4.0	8.0	13.0	18.0	14.0	0.0	1.0	1.0	0.0
k__Bacteria;p__Proteobacteria;c__Epsilonproteobacteria;o__Campylobacterales;f__Campylobacteraceae	1.0	0.0	0.0	0.0	0.0	0.0	0.0	0.0	0.0	0.0	0.0	0.0	0.0	0.0	0.0	0.0	0.0	0.0	0.0	0.0	0.0	0.0	0.0	0.0	2.0	0.0	0.0	0.0	0.0	0.0	0.0	0.0	0.0	0.0	0.0	0.0	0.0	0.0	0.0	0.0	0.0	0.0	0.0	0.0	0.0	0.0	0.0	0.0	0.0	0.0	1.0	0.0	0.0	0.0	0.0	0.0	0.0	0.0	0.0	2.0	0.0	0.0	1.0	0.0	0.0	0.0	105.0	3.0	0.0	0.0	0.0	0.0	22.0	16.0	1.0	10.0	0.0	0.0	0.0	1.0	0.0	0.0	0.0
k__Bacteria;p__Proteobacteria;c__Gammaproteobacteria;o__Aeromonadales;f__Succinivibrionaceae	0.0	0.0	0.0	0.0	0.0	2.0	2.0	0.0	0.0	0.0	42.0	1.0	86.0	315.0	0.0	0.0	0.0	0.0	0.0	0.0	0.0	0.0	0.0	0.0	2.0	0.0	0.0	0.0	1.0	0.0	0.0	0.0	0.0	0.0	0.0	0.0	0.0	0.0	0.0	0.0	0.0	0.0	0.0	22.0	0.0	0.0	0.0	0.0	0.0	0.0	0.0	0.0	0.0	0.0	0.0	0.0	0.0	0.0	0.0	0.0	0.0	0.0	0.0	0.0	0.0	0.0	0.0	0.0	0.0	0.0	0.0	0.0	0.0	0.0	0.0	0.0	0.0	0.0	0.0	0.0	0.0	0.0	0.0
k__Bacteria;p__Proteobacteria;c__Gammaproteobacteria;o__Enterobacteriales;f__Enterobacteriaceae	25.0	14.0	8.0	189.0	107.0	48.0	11.0	0.0	28.0	55.0	88.0	1.0	1.0	21.0	20.0	100.0	59.0	59.0	8.0	4.0	19.0	2.0	46.0	12.0	146.0	3.0	45.0	2.0	2.0	32.0	229.0	3.0	6.0	9.0	8.0	3.0	1.0	3.0	6.0	8.0	29.0	272.0	110.0	172.0	26.0	0.0	65.0	54.0	118.0	0.0	9.0	23.0	0.0	0.0	1.0	2.0	0.0	0.0	0.0	128.0	19.0	2.0	66.0	0.0	29.0	21.0	0.0	12.0	22.0	0.0	34.0	0.0	0.0	0.0	0.0	0.0	1.0	1.0	0.0	99.0	88.0	6.0	261.0
k__Bacteria;p__Proteobacteria;c__Gammaproteobacteria;o__Oceanospirillales;f__Hahellaceae	0.0	0.0	0.0	0.0	0.0	0.0	0.0	0.0	0.0	0.0	0.0	0.0	0.0	0.0	0.0	0.0	0.0	0.0	0.0	0.0	0.0	0.0	1.0	0.0	0.0	0.0	0.0	0.0	0.0	0.0	0.0	0.0	0.0	0.0	0.0	0.0	0.0	0.0	0.0	0.0	0.0	0.0	0.0	0.0	0.0	0.0	0.0	0.0	0.0	0.0	0.0	0.0	0.0	0.0	0.0	0.0	0.0	0.0	0.0	0.0	0.0	0.0	0.0	0.0	0.0	0.0	0.0	0.0	0.0	0.0	0.0	0.0	0.0	0.0	0.0	0.0	0.0	0.0	0.0	0.0	0.0	0.0	0.0
k__Bacteria;p__Proteobacteria;c__Gammaproteobacteria;o__Pasteurellales;f__Pasteurellaceae	10.0	1.0	0.0	12.0	3.0	0.0	0.0	0.0	0.0	0.0	2.0	0.0	0.0	0.0	1.0	0.0	0.0	0.0	0.0	0.0	0.0	0.0	18.0	0.0	44.0	0.0	0.0	0.0	0.0	1.0	0.0	0.0	0.0	0.0	0.0	0.0	0.0	0.0	0.0	0.0	5.0	2.0	1.0	0.0	80.0	1.0	1.0	41.0	60.0	0.0	1.0	2.0	0.0	0.0	3.0	0.0	0.0	0.0	1.0	12.0	0.0	0.0	1.0	0.0	0.0	0.0	0.0	0.0	4.0	2.0	0.0	0.0	0.0	0.0	0.0	0.0	0.0	1.0	0.0	0.0	0.0	0.0	0.0
k__Bacteria;p__Proteobacteria;c__Gammaproteobacteria;o__Pseudomonadales;f__Moraxellaceae	0.0	0.0	0.0	0.0	0.0	0.0	0.0	0.0	0.0	0.0	0.0	0.0	0.0	0.0	0.0	0.0	0.0	0.0	0.0	0.0	0.0	0.0	0.0	0.0	0.0	0.0	0.0	0.0	0.0	0.0	0.0	0.0	0.0	0.0	0.0	0.0	0.0	0.0	0.0	0.0	0.0	0.0	0.0	0.0	0.0	0.0	0.0	0.0	0.0	0.0	0.0	0.0	0.0	0.0	0.0	0.0	0.0	0.0	0.0	0.0	0.0	0.0	0.0	0.0	0.0	0.0	0.0	1.0	0.0	0.0	0.0	0.0	0.0	0.0	0.0	0.0	0.0	0.0	0.0	0.0	0.0	0.0	0.0
k__Bacteria;p__Proteobacteria;c__Gammaproteobacteria;o__Pseudomonadales;f__Pseudomonadaceae	0.0	0.0	0.0	0.0	0.0	0.0	0.0	0.0	0.0	0.0	0.0	0.0	0.0	0.0	0.0	0.0	0.0	0.0	0.0	0.0	0.0	0.0	0.0	0.0	0.0	0.0	105.0	0.0	0.0	0.0	0.0	0.0	0.0	0.0	0.0	0.0	0.0	0.0	0.0	0.0	1.0	0.0	0.0	0.0	0.0	0.0	0.0	0.0	0.0	0.0	0.0	2.0	0.0	0.0	0.0	0.0	0.0	0.0	0.0	0.0	0.0	0.0	0.0	0.0	0.0	0.0	0.0	0.0	0.0	0.0	0.0	0.0	0.0	0.0	0.0	0.0	0.0	0.0	0.0	0.0	0.0	0.0	0.0
k__Bacteria;p__Proteobacteria;c__Gammaproteobacteria;o__unassigned;f__unassigned	0.0	0.0	0.0	0.0	0.0	0.0	0.0	0.0	0.0	0.0	0.0	0.0	1.0	3.0	0.0	0.0	0.0	0.0	0.0	0.0	0.0	0.0	0.0	0.0	0.0	1.0	0.0	0.0	0.0	0.0	0.0	0.0	0.0	0.0	0.0	0.0	0.0	0.0	0.0	0.0	0.0	0.0	0.0	0.0	0.0	0.0	0.0	0.0	0.0	0.0	0.0	0.0	0.0	0.0	0.0	0.0	0.0	0.0	0.0	0.0	0.0	0.0	0.0	0.0	0.0	0.0	0.0	0.0	0.0	0.0	0.0	0.0	0.0	0.0	0.0	0.0	0.0	0.0	0.0	0.0	0.0	0.0	0.0
k__Bacteria;p__Proteobacteria;c__unassigned;o__unassigned;f__unassigned	0.0	0.0	0.0	1.0	0.0	0.0	0.0	0.0	0.0	0.0	0.0	0.0	0.0	1.0	0.0	0.0	0.0	0.0	0.0	0.0	0.0	0.0	0.0	0.0	0.0	0.0	0.0	0.0	0.0	0.0	0.0	0.0	0.0	0.0	0.0	0.0	0.0	0.0	0.0	0.0	0.0	0.0	0.0	0.0	0.0	0.0	0.0	0.0	0.0	0.0	0.0	0.0	0.0	0.0	0.0	0.0	0.0	0.0	0.0	0.0	0.0	0.0	0.0	0.0	0.0	0.0	0.0	0.0	0.0	0.0	0.0	0.0	0.0	0.0	0.0	0.0	0.0	0.0	0.0	0.0	0.0	0.0	0.0
k__Bacteria;p__Synergistetes;c__Synergistia;o__Synergistales;f__Synergistaceae	0.0	0.0	0.0	0.0	0.0	0.0	0.0	0.0	0.0	0.0	0.0	0.0	0.0	0.0	0.0	0.0	0.0	0.0	0.0	0.0	0.0	0.0	0.0	0.0	0.0	0.0	1.0	0.0	0.0	0.0	0.0	0.0	2.0	0.0	0.0	0.0	0.0	0.0	0.0	0.0	0.0	1.0	0.0	0.0	0.0	0.0	0.0	0.0	0.0	24.0	0.0	0.0	27.0	0.0	0.0	0.0	0.0	0.0	0.0	0.0	9.0	1.0	0.0	0.0	0.0	0.0	0.0	0.0	0.0	0.0	0.0	0.0	0.0	0.0	0.0	0.0	0.0	0.0	0.0	0.0	0.0	1.0	0.0
k__Bacteria;p__Tenericutes;c__Mollicutes;o__Anaeroplasmatales;f__Anaeroplasmataceae	0.0	0.0	30.0	41.0	41.0	0.0	0.0	0.0	0.0	0.0	0.0	0.0	0.0	0.0	0.0	1.0	0.0	0.0	0.0	0.0	0.0	0.0	0.0	0.0	0.0	0.0	0.0	0.0	0.0	0.0	0.0	0.0	0.0	0.0	0.0	0.0	0.0	0.0	0.0	0.0	0.0	0.0	0.0	1.0	0.0	0.0	0.0	0.0	0.0	0.0	0.0	0.0	0.0	0.0	0.0	0.0	0.0	0.0	0.0	0.0	0.0	0.0	0.0	0.0	0.0	0.0	0.0	0.0	0.0	0.0	0.0	0.0	0.0	0.0	0.0	0.0	0.0	0.0	0.0	0.0	0.0	0.0	0.0
k__Bacteria;p__Verrucomicrobia;c__Verrucomicrobiae;o__Verrucomicrobiales;f__Verrucomicrobiaceae	0.0	0.0	0.0	0.0	0.0	0.0	0.0	0.0	0.0	0.0	0.0	0.0	0.0	0.0	0.0	0.0	0.0	0.0	0.0	0.0	0.0	0.0	0.0	0.0	0.0	0.0	0.0	0.0	0.0	0.0	0.0	0.0	0.0	0.0	0.0	0.0	0.0	0.0	0.0	0.0	0.0	0.0	0.0	0.0	0.0	0.0	1.0	0.0	0.0	0.0	0.0	0.0	0.0	0.0	0.0	0.0	0.0	0.0	0.0	0.0	0.0	0.0	0.0	0.0	0.0	0.0	0.0	0.0	0.0	0.0	0.0	0.0	0.0	0.0	0.0	0.0	0.0	0.0	0.0	0.0	0.0	0.0	0.0
k__Bacteria;p__unassigned;c__unassigned;o__unassigned;f__unassigned	23.0	18.0	19.0	28.0	31.0	17.0	8.0	20.0	40.0	19.0	5.0	5.0	2.0	24.0	1.0	4.0	11.0	3.0	1.0	5.0	10.0	26.0	9.0	35.0	9.0	1.0	26.0	23.0	20.0	13.0	8.0	10.0	12.0	3.0	15.0	23.0	22.0	6.0	10.0	2.0	0.0	5.0	0.0	3.0	0.0	19.0	27.0	3.0	1.0	0.0	0.0	3.0	0.0	29.0	0.0	49.0	21.0	30.0	33.0	4.0	6.0	0.0	2.0	12.0	9.0	2.0	0.0	2.0	98.0	20.0	8.0	39.0	8.0	2.0	4.0	7.0	55.0	141.0	55.0	3.0	7.0	0.0	0.0
